20140321000000 
20140321010000 
20140321020000 
20140321030000 
20140321040000 
20140321050000 
20140321060000 
20140321070000 
20140321080000 
20140321090000 
20140321100000 
20140321110000 
20140321120000 
20140321130000 
20140321140000 
20140321150000 
20140321160000 
20140321170000 
20140321180000 
20140321190000 
20140321200000 
20140321210000 
20140321220000 
20140321230000 
20140322000000 
20140322010000 
20140322020000 
20140322030000 
20140322040000 
20140322050000 
20140322060000 
20140322070000 
20140322080000 
20140322090000 
20140322100000 
20140322110000 
20140322120000 
20140322130000 
20140322140000 
20140322150000 
20140322160000 
20140322170000 
20140322180000 
20140322190000 
20140322200000 
20140322210000 
20140322220000 
20140322230000 
20140323000000 
20140323010000 
20140323020000 
20140323030000 
20140323040000 
20140323050000 
20140323060000 
20140323070000 
20140323080000 
20140323090000 
20140323100000 
20140323110000 
20140323120000
20140323130000
20140323140000
20140323150000
20140323160000
20140323170000
20140323180000
20140323190000
20140323200000
20140323210000
20140323220000
20140323230000
20140324000000
20140324010000
20140324020000
20140324030000
20140324040000
20140324050000
20140324060000
20140324070000 
20140324080000 
20140324090000 
20140324100000 
20140324110000 
20140324120000 
20140324130000 
20140324140000 
20140324150000 
20140324160000 
20140324170000 
20140324180000 
20140324190000
20140324200000 
20140324210000 
20140324220000 
20140324230000 
20140325000000 
20140325010000 
20140325020000 
20140325030000 
20140325040000 
20140325050000 
20140325060000 
20140325070000 
20140325080000 
20140325090000 
20140325100000 
20140325110000 
20140325120000 
20140325130000 
20140325140000 
20140325150000 
20140325160000 
20140325170000 
20140325180000 
20140325190000 
20140325200000 
20140325210000 
20140325220000 
20140325230000 
20140326000000 
20140326010000 
20140326020000 
20140326030000 
20140326040000 
20140326050000 
20140326060000 
20140326070000 
20140326080000 
20140326090000 
20140326100000 
20140326110000 
20140326120000 
20140326130000 
20140326140000 
20140326150000 
20140326160000 
20140326170000 
20140326180000 
20140326190000 
20140326200000 
20140326210000 
20140326220000 
20140326230000