20140319170000
20140319180000
20140319190000
20140319200000
20140319210000
20140319220000
20140319230000
20140320000000
20140320010000
20140320020000
20140320030000
20140320040000
20140320050000
20140320060000
20140320070000
20140320080000
20140320090000
20140320100000
20140320110000
20140320120000
20140320130000
20140320140000 
20140320150000 
20140320160000 
20140320170000 
20140320180000 
20140320190000
20140320200000
20140320210000 
20140320220000 
20140320230000 
20140321000000 
20140321010000 
20140321020000 
20140321030000 
20140321040000 
20140321050000 
20140321060000 
20140321070000 
20140321080000 
20140321090000 
20140321100000 
20140321110000 
20140321120000 
20140321130000 
20140321140000 
20140321150000 
20140321160000 
20140321170000 
20140321180000 
20140321190000 
20140321200000 
20140321210000 
20140321220000 
20140321230000 
20140322000000 
20140322010000 
20140322020000 
20140322030000 
20140322040000 
20140322050000 
20140322060000 
20140322070000 
20140322080000 
20140322090000 
20140322100000 
20140322110000 
20140322120000 
20140322130000 
20140322140000 
20140322150000 
20140322160000 
20140322170000 
20140322180000 
20140322190000 
20140322200000 
20140322210000 
20140322220000 
20140322230000 
20140323000000 
20140323010000 
20140323020000 
20140323030000 
20140323040000 
20140323050000 
20140323060000 
20140323070000 
20140323080000 
20140323090000 
20140323100000 
20140323110000 
20140323120000
20140323130000
20140323140000
20140323150000
20140323160000
20140323170000
20140323180000
20140323190000
20140323200000
20140323210000
20140323220000
20140323230000
20140324000000
20140324010000
20140324020000
20140324030000
20140324040000
20140324050000
20140324060000
20140324070000 
20140324080000 
20140324090000 
20140324100000 
20140324110000 
20140324120000 
20140324130000 
20140324140000 
20140324150000 
20140324160000 
20140324170000 
20140324180000 
20140324190000
20140324200000 
20140324210000 
20140324220000 
20140324230000 
20140325000000 
20140325010000 
20140325020000 
20140325030000 
20140325040000 
20140325050000 
20140325060000 
20140325070000 
20140325080000 
20140325090000 
20140325100000 
20140325110000 
20140325120000 
20140325130000 
20140325140000 
20140325150000 
20140325160000 
20140325170000 
20140325180000 
20140325190000 
20140325200000 
20140325210000 
20140325220000 
20140325230000 
20140326000000 
20140326010000 
20140326020000 
20140326030000 
20140326040000 
20140326050000 
20140326060000 
20140326070000 
20140326080000 
20140326090000 
20140326100000 
20140326110000 
20140326120000 
20140326130000 
20140326140000 
20140326150000 
20140326160000 
20140326170000 
20140326180000 
20140326190000 
20140326200000 
20140326210000 
20140326220000 
20140326230000 
20140327000000 
20140327010000 
20140327020000 
20140327030000 
20140327040000 
20140327050000 
20140327060000 
20140327070000 
20140327080000 
20140327090000 
20140327100000 
20140327110000 
20140327120000 
20140327130000 
20140327140000 
20140327150000 
20140327160000 
20140327170000 
20140327180000 
20140327190000 
20140327200000 
20140327210000 
20140327220000 
20140327230000 
20140328000000 
20140328010000 
20140328020000 
20140328030000 
20140328040000 
20140328050000 
20140328060000 
20140328070000 
20140328080000 
20140328090000 
20140328100000 
20140328110000 
20140328120000 
20140328130000 
20140328140000 
20140328150000 
20140328160000 
20140328170000 
20140328180000 
20140328190000 
20140328200000 
20140328210000 
20140328220000 
20140328230000 
20140329000000 
20140329010000 
20140329020000 
20140329030000 
20140329040000 
20140329050000 
20140329060000 
20140329070000 
20140329080000 
20140329090000 
20140329100000 
20140329110000 
20140329120000 
20140329130000 
20140329140000 
20140329150000 
20140329160000 
20140329170000 
20140329180000 
20140329190000 
20140329200000 
20140329210000 
20140329220000 
20140329230000 
20140330000000 
20140330010000 
20140330020000 
20140330030000 
20140330040000 
20140330050000 
20140330060000 
20140330070000 
20140330080000 
20140330090000 
20140330100000 
20140330110000 
20140330120000 
20140330130000 
20140330140000 
20140330150000 
20140330160000 
20140330170000 
20140330180000 
20140330190000 
20140330200000 
20140330210000 
20140330220000 
20140330230000 
20140331000000 
20140331010000 
20140331020000 
20140331030000 
20140331040000 
20140331050000 
20140331060000 
20140331070000 
20140331080000 
20140331090000 
20140331100000 
20140331110000 
20140331120000 
20140331130000 
20140331140000 
20140331150000 
20140331160000 
20140331170000 
20140331180000 
20140331190000 
20140331200000 
20140331210000 
20140331220000 
20140331230000 
20140401000000 
20140401010000 
20140401020000 
20140401030000 
20140401040000 
20140401050000 
20140401060000 
20140401070000 
20140401080000 
20140401090000 
20140401100000 
20140401110000 
20140401120000 
20140401130000 
20140401140000 
20140401150000 
20140401160000 
20140401170000 
20140401180000 
20140401190000 
20140401200000 
20140401210000 
20140401220000 
20140401230000 
20140402000000 
20140402010000 
20140402020000 
20140402030000 
20140402040000 
20140402050000 
20140402060000 
20140402070000 
20140402080000 
20140402090000 
20140402100000 
20140402110000 
20140402120000 
20140402130000 
20140402140000 
20140402150000 
20140402160000 
20140402170000 
20140402180000 
20140402190000 
20140402200000 
20140402210000 
20140402220000 
20140402230000 
20140403000000 
20140403010000 
20140403020000 
20140403030000 
20140403040000 
20140403050000 
20140403060000 
20140403070000 
20140403080000 
20140403090000 
20140403100000 
20140403110000 
20140403120000 
20140403130000 
20140403140000 
20140403150000
20140403160000
20140403170000
20140403180000
20140403190000 
20140403200000
20140403210000
20140403220000
20140403230000
20140404000000
20140404010000
20140404020000
20140404030000
20140404040000
20140404050000
20140404060000
20140404070000
20140404080000
20140404090000
20140404100000
20140404110000
20140404120000
20140404130000
20140404140000
20140404150000
20140404160000
20140404170000
20140404180000
20140404190000
20140404200000
20140404210000
20140404220000
20140404230000
20140405000000
20140405080000
20140405160000
20140406000000
20140406080000
20140406160000
20140407000000
20140407080000
20140407160000
20140408000000
20140408080000
20140408160000
20140409000000
20140409080000
20140409160000
20140410000000
20140410080000
20140410160000
20140411000000
20140411080000
20140411160000
20140412000000
20140412080000
20140412160000
20140413000000
20140413080000
20140413160000
20140414000000
20140414080000
20140414160000
