5R536 0000 32.748400 -100.535700
5R539 0000 32.748900 -100.535800
5R542 0000 32.749500 -100.536000
5R545 0000 32.750100 -100.536200
5R548 0000 32.750700 -100.536300
5R551 0000 32.751300 -100.536500
5R554 0000 32.751900 -100.536700
5R557 0000 32.752500 -100.536800
5R560 0000 32.753100 -100.537000
5R563 0000 32.753600 -100.537200
5R566 0000 32.754200 -100.537300
5R569 0000 32.754900 -100.537500
5R572 0000 32.755400 -100.537700
5R575 0000 32.756000 -100.537800
5R578 0000 32.756600 -100.538000
5R581 0000 32.757200 -100.538200
5R584 0000 32.757800 -100.538400
5R587 0000 32.758300 -100.538500
5R590 0000 32.758900 -100.538700
5R593 0000 32.759500 -100.538900
5R596 0000 32.760100 -100.539000
5R599 0000 32.760700 -100.539200
5R602 0000 32.761300 -100.539400
5R605 0000 32.761900 -100.539500
5R608 0000 32.762500 -100.539700
5R611 0000 32.763100 -100.539800
5R614 0000 32.763600 -100.540000
5R617 0000 32.764200 -100.540200
5R620 0000 32.764800 -100.540400
5R623 0000 32.765400 -100.540600
5R626 0000 32.766000 -100.540700
5R629 0000 32.766600 -100.540900
5R632 0000 32.767200 -100.541100
5R635 0000 32.767800 -100.541200
5R638 0000 32.768300 -100.541400
5R641 0000 32.768900 -100.541600
5R644 0000 32.769500 -100.541700
5T536 0000 32.748800 -100.533600
5T539 0000 32.749400 -100.533700
5T545 0000 32.750600 -100.534100
5T548 0000 32.751100 -100.534200
5T551 0000 32.751700 -100.534400
5T554 0000 32.752300 -100.534600
5T557 0000 32.752900 -100.534700
5T560 0000 32.753500 -100.534900
5T563 0000 32.754100 -100.535100
5T566 0000 32.754700 -100.535300
5T569 0000 32.755300 -100.535400
5T572 0000 32.755800 -100.535600
5T575 0000 32.756400 -100.535800
5T581 0000 32.757600 -100.536100
5T584 0000 32.758200 -100.536300
5T587 0000 32.758800 -100.536400
5T590 0000 32.759400 -100.536600
5T593 0000 32.760000 -100.536800
5T596 0000 32.760500 -100.536900
5T599 0000 32.761100 -100.537100
5T602 0000 32.761700 -100.537300
5T605 0000 32.762300 -100.537500
5T608 0000 32.762900 -100.537600
5T611 0000 32.763500 -100.537800
5T617 0000 32.764700 -100.538100
5T620 0000 32.765200 -100.538300
5T623 0000 32.765800 -100.538500
5T626 0000 32.766400 -100.538600
5T629 0000 32.767000 -100.538800
5T632 0000 32.767600 -100.539000
5T635 0000 32.768200 -100.539100
5T638 0000 32.768800 -100.539300
5T641 0000 32.769400 -100.539500
5T644 0000 32.769900 -100.539700
5V536 0000 32.749200 -100.531500
5V539 0000 32.749800 -100.531700
5V542 0000 32.750400 -100.531800
5V545 0000 32.751000 -100.532000
5V548 0000 32.751600 -100.532200
5V551 0000 32.752200 -100.532300
5V554 0000 32.752700 -100.532500
5V557 0000 32.753300 -100.532700
5V560 0000 32.753900 -100.532800
5V563 0000 32.754500 -100.533000
5V566 0000 32.755100 -100.533200
5V569 0000 32.755700 -100.533300
5V572 0000 32.756300 -100.533500
5V575 0000 32.756900 -100.533700
5V578 0000 32.757400 -100.533800
5V581 0000 32.758000 -100.534000
5V584 0000 32.758600 -100.534200
5V587 0000 32.759200 -100.534400
5V590 0000 32.759800 -100.534500
5V593 0000 32.760400 -100.534700
5V596 0000 32.761000 -100.534900
5V599 0000 32.761600 -100.535000
5V602 0000 32.762100 -100.535200
5V605 0000 32.762700 -100.535400
5V608 0000 32.763300 -100.535500
5V611 0000 32.763900 -100.535700
5V614 0000 32.764500 -100.535900
5V617 0000 32.765100 -100.536000
5V620 0000 32.765700 -100.536200
5V623 0000 32.766300 -100.536400
5V626 0000 32.766800 -100.536600
5V629 0000 32.767400 -100.536700
5V632 0000 32.768000 -100.536900
5V635 0000 32.768600 -100.537100
5V638 0000 32.769200 -100.537200
5V641 0000 32.769800 -100.537400
5V644 0000 32.770400 -100.537600
5X536 0000 32.749600 -100.529400
5X539 0000 32.750200 -100.529600
5X542 0000 32.750800 -100.529700
5X545 0000 32.751400 -100.529900
5X548 0000 32.752000 -100.530100
5X551 0000 32.752600 -100.530200
5X554 0000 32.753200 -100.530400
5X557 0000 32.753800 -100.530600
5X560 0000 32.754300 -100.530700
5X563 0000 32.754900 -100.530900
5X566 0000 32.755500 -100.531100
5X569 0000 32.756100 -100.531300
5X572 0000 32.756700 -100.531400
5X575 0000 32.757300 -100.531600
5X578 0000 32.757900 -100.531800
5X581 0000 32.758500 -100.531900
5X584 0000 32.759000 -100.532100
5X587 0000 32.759600 -100.532300
5X590 0000 32.760200 -100.532500
5X593 0000 32.760800 -100.532600
5X596 0000 32.761400 -100.532800
5X599 0000 32.762000 -100.533000
5X602 0000 32.762600 -100.533100
5X605 0000 32.763200 -100.533300
5X608 0000 32.763700 -100.533500
5X611 0000 32.764300 -100.533600
5X614 0000 32.764900 -100.533800
5X617 0000 32.765500 -100.534000
5X620 0000 32.766100 -100.534100
5X623 0000 32.766700 -100.534300
5X626 0000 32.767300 -100.534500
5X629 0000 32.767900 -100.534600
5X632 0000 32.768400 -100.534800
5X635 0000 32.769000 -100.535000
5X638 0000 32.769600 -100.535200
5X641 0000 32.770200 -100.535400
5X644 0000 32.770800 -100.535600
5Z395 0000 32.722500 -100.519400
5Z398 0000 32.723000 -100.519500
5Z401 0000 32.723600 -100.519700
5Z404 0000 32.724200 -100.519900
5Z407 0000 32.724800 -100.520100
5Z410 0000 32.725400 -100.520200
5Z413 0000 32.726000 -100.520400
5Z416 0000 32.726600 -100.520600
5Z419 0000 32.727200 -100.520700
5Z422 0000 32.727700 -100.520900
5Z425 0000 32.728300 -100.521100
5Z428 0000 32.728900 -100.521200
5Z431 0000 32.729500 -100.521400
5Z434 0000 32.730100 -100.521600
5Z437 0000 32.730700 -100.521700
5Z440 0000 32.731300 -100.521900
5Z443 0000 32.731900 -100.522100
5Z446 0000 32.732400 -100.522200
5Z449 0000 32.733000 -100.522400
5Z452 0000 32.733700 -100.522600
5Z455 0000 32.734200 -100.522800
5Z458 0000 32.734800 -100.522900
5Z461 0000 32.735400 -100.523100
5Z464 0000 32.736000 -100.523300
5Z467 0000 32.736500 -100.523400
5Z470 0000 32.737100 -100.523600
5Z473 0000 32.737700 -100.523800
5Z476 0000 32.738300 -100.523900
5Z479 0000 32.738900 -100.524100
5Z482 0000 32.739700 -100.523600
5Z485 0000 32.740100 -100.524400
5Z488 0000 32.740700 -100.524600
5Z491 0000 32.741300 -100.524800
5Z494 0000 32.741800 -100.524900
5Z497 0000 32.742400 -100.525100
5Z500 0000 32.743000 -100.525300
5Z503 0000 32.743600 -100.525500
5Z506 0000 32.744200 -100.525600
5Z509 0000 32.744800 -100.525800
5Z512 0000 32.745400 -100.526000
5Z515 0000 32.746000 -100.526100
5Z518 0000 32.746500 -100.526300
5Z521 0000 32.747100 -100.526500
5Z524 0000 32.747700 -100.526600
5Z527 0000 32.748300 -100.526800
5Z530 0000 32.748900 -100.527000
5Z533 0000 32.749500 -100.527100
5Z536 0000 32.750100 -100.527300
5Z539 0000 32.750700 -100.527500
5Z542 0000 32.751200 -100.527600
5Z545 0000 32.751800 -100.527800
5Z548 0000 32.752400 -100.528000
5Z551 0000 32.753000 -100.528200
5Z554 0000 32.753600 -100.528300
5Z557 0000 32.754200 -100.528500
5Z560 0000 32.754800 -100.528700
5Z563 0000 32.755400 -100.528800
5Z566 0000 32.756000 -100.529000
5Z569 0000 32.756500 -100.529200
5Z572 0000 32.757100 -100.529300
5Z575 0000 32.757700 -100.529500
5Z578 0000 32.758300 -100.529700
5Z581 0000 32.758900 -100.529800
5Z584 0000 32.759500 -100.530100
5Z587 0000 32.760100 -100.530200
5Z590 0000 32.760600 -100.530300
5Z593 0000 32.761200 -100.530500
5Z596 0000 32.761800 -100.530700
5Z599 0000 32.762400 -100.530900
5Z602 0000 32.763000 -100.531000
5Z605 0000 32.763600 -100.531200
5Z608 0000 32.764200 -100.531400
5Z611 0000 32.764800 -100.531500
5Z614 0000 32.765400 -100.531700
5Z617 0000 32.765900 -100.531900
5Z620 0000 32.766500 -100.532000
5Z623 0000 32.767100 -100.532200
5Z626 0000 32.767700 -100.532400
5Z629 0000 32.768300 -100.532600
5Z632 0000 32.768900 -100.532700
5Z635 0000 32.769500 -100.532900
5Z638 0000 32.770100 -100.533000
5Z641 0000 32.770600 -100.533200
5Z644 0000 32.771200 -100.533400
61395 0000 32.722900 -100.517300
61401 0000 32.724100 -100.517600
61404 0000 32.724600 -100.517800
61407 0000 32.725200 -100.518000
61410 0000 32.725800 -100.518100
61413 0000 32.726400 -100.518300
61416 0000 32.727000 -100.518500
61419 0000 32.727600 -100.518600
61422 0000 32.728200 -100.518800
61425 0000 32.728800 -100.519000
61428 0000 32.729300 -100.519100
61431 0000 32.729900 -100.519300
61437 0000 32.731100 -100.519700
61440 0000 32.731700 -100.519800
61443 0000 32.732300 -100.520000
61446 0000 32.732900 -100.520200
61449 0000 32.733500 -100.520300
61452 0000 32.734000 -100.520500
61455 0000 32.734600 -100.520700
61461 0000 32.735800 -100.521000
61464 0000 32.736400 -100.521200
61467 0000 32.737000 -100.521300
61473 0000 32.738200 -100.521700
61476 0000 32.738700 -100.521800
61479 0000 32.739300 -100.522000
61482 0000 32.739900 -100.522200
61485 0000 32.740500 -100.522400
61488 0000 32.741100 -100.522500
61491 0000 32.741700 -100.522700
61494 0000 32.742300 -100.522900
61497 0000 32.742900 -100.523000
61500 0000 32.743400 -100.523200
61503 0000 32.744000 -100.523400
61509 0000 32.745200 -100.523700
61512 0000 32.745800 -100.523900
61515 0000 32.746400 -100.524000
61518 0000 32.747000 -100.524200
61521 0000 32.747600 -100.524400
61524 0000 32.748100 -100.524500
61527 0000 32.748700 -100.524700
61530 0000 32.749300 -100.524900
61533 0000 32.749900 -100.525100
61536 0000 32.745200 -100.523700
61539 0000 32.751100 -100.525400
61545 0000 32.752300 -100.525700
61548 0000 32.752900 -100.525900
61551 0000 32.753400 -100.526100
61554 0000 32.754000 -100.526200
61557 0000 32.754600 -100.526400
61560 0000 32.755200 -100.526600
61563 0000 32.755800 -100.526700
61566 0000 32.756400 -100.526900
61569 0000 32.757000 -100.527100
61572 0000 32.745800 -100.523900
61575 0000 32.758100 -100.527400
61581 0000 32.759300 -100.527800
61584 0000 32.759900 -100.527900
61587 0000 32.760500 -100.528100
61590 0000 32.761100 -100.528300
61593 0000 32.761700 -100.528400
61596 0000 32.762300 -100.528600
61599 0000 32.762800 -100.528800
61602 0000 32.763400 -100.528900
61605 0000 32.764000 -100.529100
61608 0000 32.746400 -100.524000
61611 0000 32.765200 -100.529400
61617 0000 32.766400 -100.529800
61620 0000 32.767000 -100.530000
61623 0000 32.767500 -100.530100
61626 0000 32.768100 -100.530300
61629 0000 32.768700 -100.530500
61632 0000 32.769300 -100.530600
61635 0000 32.769900 -100.530800
61638 0000 32.770500 -100.531000
61641 0000 32.771100 -100.531100
61644 0000 32.771700 -100.531300
63395 0000 32.723300 -100.515200
63398 0000 32.723900 -100.515400
63401 0000 32.724500 -100.515500
63404 0000 32.725100 -100.515700
63407 0000 32.725700 -100.515900
63410 0000 32.726200 -100.516000
63413 0000 32.726800 -100.516200
63416 0000 32.727400 -100.516400
63419 0000 32.728000 -100.516600
63422 0000 32.728600 -100.516700
63425 0000 32.729200 -100.516900
63428 0000 32.729800 -100.517100
63431 0000 32.730400 -100.517200
63434 0000 32.730900 -100.517400
63437 0000 32.731500 -100.517600
63440 0000 32.732100 -100.517700
63443 0000 32.732700 -100.517900
63446 0000 32.733300 -100.518100
63449 0000 32.733900 -100.518200
63452 0000 32.734500 -100.518400
63455 0000 32.735100 -100.518600
63458 0000 32.735700 -100.518700
63461 0000 32.736200 -100.518900
63464 0000 32.736800 -100.519100
63467 0000 32.737400 -100.519300
63470 0000 32.738000 -100.519400
63473 0000 32.738600 -100.519600
63476 0000 32.739200 -100.519800
63479 0000 32.739800 -100.519900
63482 0000 32.740400 -100.520100
63485 0000 32.740900 -100.520300
63488 0000 32.741500 -100.520400
63491 0000 32.742100 -100.520600
63494 0000 32.742700 -100.520800
63497 0000 32.743300 -100.520900
63500 0000 32.743900 -100.521100
63503 0000 32.744500 -100.521300
63506 0000 32.745100 -100.521400
63509 0000 32.745600 -100.521600
63512 0000 32.746200 -100.521800
63515 0000 32.746800 -100.522000
63518 0000 32.747400 -100.522100
63521 0000 32.748000 -100.522300
63524 0000 32.748600 -100.522500
63527 0000 32.749200 -100.522600
63530 0000 32.749800 -100.522800
63533 0000 32.750300 -100.523000
63536 0000 32.750900 -100.523100
63539 0000 32.751500 -100.523300
63542 0000 32.752100 -100.523500
63545 0000 32.752700 -100.523600
63548 0000 32.753300 -100.523800
63551 0000 32.753900 -100.524000
63554 0000 32.754500 -100.524200
63557 0000 32.755000 -100.524300
63560 0000 32.755600 -100.524500
63563 0000 32.756200 -100.524700
63566 0000 32.756800 -100.524800
63569 0000 32.757400 -100.525000
63572 0000 32.758000 -100.525200
63575 0000 32.758600 -100.525300
63578 0000 32.759200 -100.525500
63581 0000 32.759700 -100.525700
63584 0000 32.760300 -100.525800
63587 0000 32.760900 -100.526000
63590 0000 32.761500 -100.526200
63593 0000 32.762100 -100.526300
63596 0000 32.762700 -100.526500
63599 0000 32.763300 -100.526700
63602 0000 32.763900 -100.526900
63605 0000 32.764400 -100.527000
63608 0000 32.765000 -100.527200
63611 0000 32.765600 -100.527400
63614 0000 32.766200 -100.527500
63617 0000 32.766800 -100.527700
63620 0000 32.767400 -100.527900
63623 0000 32.768000 -100.528000
63626 0000 32.768600 -100.528200
63629 0000 32.769100 -100.528400
63632 0000 32.769700 -100.528500
63635 0000 32.770300 -100.528700
63638 0000 32.770900 -100.528900
63641 0000 32.771500 -100.529000
63644 0000 32.772100 -100.529200
65395 0000 32.723700 -100.513100
65398 0000 32.724300 -100.513300
65401 0000 32.724900 -100.513500
65404 0000 32.725500 -100.513600
65407 0000 32.726100 -100.513800
65410 0000 32.726700 -100.514000
65413 0000 32.727300 -100.514100
65416 0000 32.727900 -100.514300
65419 0000 32.728400 -100.514500
65422 0000 32.729000 -100.514600
65425 0000 32.729600 -100.514800
65428 0000 32.730200 -100.515000
65431 0000 32.730800 -100.515100
65434 0000 32.731400 -100.515300
65437 0000 32.732000 -100.515500
65440 0000 32.732600 -100.515600
65443 0000 32.733100 -100.515800
65446 0000 32.733700 -100.516000
65449 0000 32.734300 -100.516100
65452 0000 32.734900 -100.516400
65455 0000 32.735500 -100.516500
65458 0000 32.736100 -100.516700
65461 0000 32.736700 -100.516800
65464 0000 32.737300 -100.517000
65467 0000 32.737800 -100.517200
65470 0000 32.738400 -100.517300
65473 0000 32.739000 -100.517500
65476 0000 32.739600 -100.517700
65479 0000 32.740200 -100.517800
65482 0000 32.740800 -100.518000
65485 0000 32.741400 -100.518200
65488 0000 32.742000 -100.518400
65491 0000 32.742500 -100.518500
65494 0000 32.743100 -100.518700
65497 0000 32.743700 -100.518900
65500 0000 32.744300 -100.519000
65503 0000 32.744900 -100.519200
65506 0000 32.745500 -100.519400
65509 0000 32.746100 -100.519500
65512 0000 32.746700 -100.519700
65515 0000 32.747200 -100.519900
65518 0000 32.747800 -100.520000
65521 0000 32.748400 -100.520200
65524 0000 32.749000 -100.520400
65527 0000 32.749600 -100.520500
65530 0000 32.750200 -100.520700
65533 0000 32.750800 -100.520900
65536 0000 32.751400 -100.521100
65539 0000 32.751900 -100.521200
65542 0000 32.752500 -100.521400
65545 0000 32.753100 -100.521600
65548 0000 32.753700 -100.521700
65551 0000 32.754300 -100.521900
65554 0000 32.754900 -100.522100
65557 0000 32.755500 -100.522200
65560 0000 32.756100 -100.522400
65563 0000 32.756600 -100.522600
65566 0000 32.757200 -100.522700
65569 0000 32.757800 -100.522900
65572 0000 32.758400 -100.523100
65575 0000 32.759000 -100.523200
65578 0000 32.759600 -100.523400
65581 0000 32.760200 -100.523600
65584 0000 32.760800 -100.523800
65587 0000 32.761300 -100.524000
65590 0000 32.761900 -100.524100
65593 0000 32.762500 -100.524300
65596 0000 32.763100 -100.524400
65599 0000 32.763700 -100.524600
65602 0000 32.764300 -100.524800
65605 0000 32.764900 -100.524900
65608 0000 32.765500 -100.525100
65611 0000 32.766000 -100.525300
65614 0000 32.766600 -100.525400
65617 0000 32.767200 -100.525600
65620 0000 32.767800 -100.525800
65623 0000 32.768400 -100.525900
65626 0000 32.769000 -100.526100
65629 0000 32.769600 -100.526300
65632 0000 32.770200 -100.526500
65635 0000 32.770700 -100.526600
65638 0000 32.771300 -100.526800
65641 0000 32.771900 -100.527000
65644 0000 32.772500 -100.527100
67359 0000 32.717100 -100.509000
67362 0000 32.717700 -100.509200
67365 0000 32.718300 -100.509300
67368 0000 32.718900 -100.509500
67371 0000 32.719500 -100.509700
67374 0000 32.720100 -100.509900
67377 0000 32.720600 -100.510000
67395 0000 32.724200 -100.511000
67398 0000 32.724800 -100.511200
67401 0000 32.725300 -100.511400
67404 0000 32.725900 -100.511500
67407 0000 32.726500 -100.511700
67410 0000 32.727100 -100.511900
67413 0000 32.727700 -100.512000
67416 0000 32.728300 -100.512200
67419 0000 32.728900 -100.512400
67422 0000 32.729500 -100.512500
67425 0000 32.730000 -100.512700
67428 0000 32.730600 -100.512900
67431 0000 32.731200 -100.513100
67434 0000 32.731800 -100.513200
67437 0000 32.732400 -100.513400
67440 0000 32.733000 -100.513600
67443 0000 32.733600 -100.513700
67446 0000 32.734200 -100.513900
67449 0000 32.734700 -100.514100
67452 0000 32.735300 -100.514200
67455 0000 32.735900 -100.514400
67458 0000 32.736500 -100.514600
67461 0000 32.737100 -100.514700
67464 0000 32.737700 -100.514900
67467 0000 32.738300 -100.515100
67470 0000 32.738900 -100.515300
67473 0000 32.739400 -100.515400
67476 0000 32.740000 -100.515600
67479 0000 32.740600 -100.515800
67482 0000 32.741200 -100.515900
67485 0000 32.741800 -100.516100
67488 0000 32.742400 -100.516300
67491 0000 32.743000 -100.516400
67494 0000 32.743600 -100.516600
67497 0000 32.744100 -100.516800
67500 0000 32.744700 -100.516900
67503 0000 32.745300 -100.517100
67506 0000 32.745900 -100.517300
67509 0000 32.746500 -100.517400
67512 0000 32.747100 -100.517600
67515 0000 32.747700 -100.517800
67518 0000 32.748300 -100.518000
67521 0000 32.748800 -100.518100
67524 0000 32.749400 -100.518300
67527 0000 32.750000 -100.518500
67530 0000 32.750600 -100.518600
67533 0000 32.751200 -100.518800
67536 0000 32.751800 -100.519000
67539 0000 32.752400 -100.519100
67542 0000 32.753000 -100.519300
67545 0000 32.753500 -100.519500
67548 0000 32.754100 -100.519600
67551 0000 32.754700 -100.519800
67554 0000 32.755300 -100.520000
67557 0000 32.755900 -100.520100
67560 0000 32.756500 -100.520300
67563 0000 32.757100 -100.520500
67566 0000 32.757700 -100.520700
67569 0000 32.758200 -100.520800
67572 0000 32.758800 -100.521000
67575 0000 32.759400 -100.521200
67578 0000 32.760000 -100.521300
67581 0000 32.760600 -100.521500
67584 0000 32.761200 -100.521700
67587 0000 32.761800 -100.521900
67590 0000 32.762400 -100.522000
67593 0000 32.763000 -100.522200
67596 0000 32.763500 -100.522300
67599 0000 32.764100 -100.522500
67602 0000 32.764700 -100.522700
67605 0000 32.765300 -100.522800
67608 0000 32.765900 -100.523000
67611 0000 32.766500 -100.523200
67614 0000 32.767100 -100.523400
67617 0000 32.767700 -100.523500
67620 0000 32.768200 -100.523700
67623 0000 32.768800 -100.523900
67626 0000 32.769400 -100.524000
67629 0000 32.770000 -100.524200
67632 0000 32.770600 -100.524400
67635 0000 32.771200 -100.524500
67638 0000 32.771800 -100.524700
67641 0000 32.772400 -100.524900
67644 0000 32.772900 -100.525000
69359 0000 32.717500 -100.506900
69365 0000 32.718700 -100.507300
69368 0000 32.719300 -100.507400
69371 0000 32.719900 -100.507600
69374 0000 32.720500 -100.507800
69377 0000 32.721100 -100.507900
69395 0000 32.724600 -100.508900
69401 0000 32.725800 -100.509300
69404 0000 32.726400 -100.509500
69407 0000 32.726900 -100.509600
69410 0000 32.727500 -100.509800
69413 0000 32.728100 -100.510000
69416 0000 32.728700 -100.510100
69419 0000 32.729300 -100.510300
69422 0000 32.729900 -100.510500
69425 0000 32.730500 -100.510600
69428 0000 32.731100 -100.510800
69431 0000 32.731600 -100.511000
69437 0000 32.732800 -100.511300
69440 0000 32.733400 -100.511500
69443 0000 32.734000 -100.511600
69446 0000 32.734600 -100.511800
69449 0000 32.735200 -100.512000
69452 0000 32.735800 -100.512200
69455 0000 32.736300 -100.512300
69458 0000 32.737000 -100.512500
69461 0000 32.737500 -100.512700
69464 0000 32.738100 -100.512800
69467 0000 32.738700 -100.513000
69473 0000 32.740000 -100.513400
69476 0000 32.740400 -100.513500
69479 0000 32.741000 -100.513700
69482 0000 32.741600 -100.513900
69485 0000 32.742200 -100.514000
69488 0000 32.742800 -100.514200
69491 0000 32.743400 -100.514300
69494 0000 32.744000 -100.514500
69497 0000 32.744600 -100.514700
69500 0000 32.745200 -100.514900
69503 0000 32.745700 -100.515000
69509 0000 32.746900 -100.515400
69512 0000 32.747500 -100.515500
69515 0000 32.748100 -100.515700
69518 0000 32.748700 -100.515900
69521 0000 32.749300 -100.516000
69524 0000 32.749900 -100.516200
69527 0000 32.750400 -100.516400
69530 0000 32.751000 -100.516600
69533 0000 32.751600 -100.516700
69536 0000 32.752200 -100.516900
69539 0000 32.752800 -100.517000
69545 0000 32.754000 -100.517400
69548 0000 32.754600 -100.517600
69551 0000 32.755200 -100.517700
69554 0000 32.755700 -100.517900
69557 0000 32.756300 -100.518100
69560 0000 32.756900 -100.518200
69563 0000 32.757500 -100.518400
69566 0000 32.758100 -100.518600
69569 0000 32.758700 -100.518700
69572 0000 32.759300 -100.518900
69575 0000 32.759900 -100.519100
69581 0000 32.761000 -100.519400
69584 0000 32.761600 -100.519600
69587 0000 32.762200 -100.519700
69590 0000 32.762800 -100.519900
69593 0000 32.763400 -100.520100
69596 0000 32.764000 -100.520300
69599 0000 32.764600 -100.520400
69602 0000 32.765100 -100.520600
69605 0000 32.765700 -100.520800
69608 0000 32.766300 -100.520900
69611 0000 32.766900 -100.521100
69617 0000 32.768100 -100.521400
69620 0000 32.768700 -100.521600
69623 0000 32.769300 -100.521800
69626 0000 32.769800 -100.521900
69629 0000 32.770400 -100.522100
69632 0000 32.771000 -100.522300
69635 0000 32.771600 -100.522400
69638 0000 32.772200 -100.522600
69641 0000 32.772800 -100.522800
69644 0000 32.773400 -100.523000
6B359 0000 32.718000 -100.504800
6B362 0000 32.718600 -100.505000
6B365 0000 32.719100 -100.505200
6B368 0000 32.719700 -100.505300
6B371 0000 32.720300 -100.505500
6B374 0000 32.720900 -100.505700
6B377 0000 32.721500 -100.505800
6B395 0000 32.725000 -100.506900
6B398 0000 32.725600 -100.507000
6B401 0000 32.726200 -100.507200
6B404 0000 32.726800 -100.507400
6B407 0000 32.727400 -100.507500
6B410 0000 32.728000 -100.507700
6B413 0000 32.728500 -100.507900
6B416 0000 32.729100 -100.508000
6B419 0000 32.729700 -100.508200
6B422 0000 32.730300 -100.508400
6B425 0000 32.730900 -100.508500
6B428 0000 32.731500 -100.508700
6B431 0000 32.732100 -100.508900
6B434 0000 32.732700 -100.509100
6B437 0000 32.733200 -100.509200
6B440 0000 32.733800 -100.509400
6B443 0000 32.734400 -100.509600
6B446 0000 32.735000 -100.509700
6B449 0000 32.735600 -100.509900
6B452 0000 32.736200 -100.510100
6B455 0000 32.736800 -100.510200
6B458 0000 32.737400 -100.510400
6B461 0000 32.738000 -100.510600
6B464 0000 32.738500 -100.510700
6B467 0000 32.739100 -100.510900
6B470 0000 32.739700 -100.511100
6B473 0000 32.740300 -100.511300
6B476 0000 32.740900 -100.511400
6B479 0000 32.741500 -100.511600
6B482 0000 32.742100 -100.511700
6B485 0000 32.742600 -100.511900
6B488 0000 32.743200 -100.512100
6B491 0000 32.743800 -100.512200
6B494 0000 32.744400 -100.512400
6B497 0000 32.745000 -100.512600
6B500 0000 32.745600 -100.512800
6B503 0000 32.746200 -100.512900
6B506 0000 32.746800 -100.513100
6B509 0000 32.747400 -100.513300
6B512 0000 32.747900 -100.513400
6B515 0000 32.748500 -100.513600
6B518 0000 32.749100 -100.513800
6B521 0000 32.749700 -100.513900
6B524 0000 32.750300 -100.514100
6B527 0000 32.750900 -100.514300
6B530 0000 32.751500 -100.514500
6B533 0000 32.752100 -100.514600
6B536 0000 32.752600 -100.514800
6B539 0000 32.753200 -100.515000
6B542 0000 32.753800 -100.515100
6B545 0000 32.754400 -100.515300
6B548 0000 32.755000 -100.515500
6B551 0000 32.755600 -100.515600
6B554 0000 32.756200 -100.515800
6B557 0000 32.756800 -100.516000
6B560 0000 32.757300 -100.516100
6B563 0000 32.757900 -100.516300
6B566 0000 32.758500 -100.516500
6B569 0000 32.759100 -100.516600
6B572 0000 32.759700 -100.516800
6B575 0000 32.760300 -100.517000
6B578 0000 32.760900 -100.517200
6B581 0000 32.761500 -100.517300
6B584 0000 32.762000 -100.517500
6B587 0000 32.762600 -100.517700
6B590 0000 32.763200 -100.517800
6B593 0000 32.763800 -100.518000
6B596 0000 32.764400 -100.518200
6B599 0000 32.765000 -100.518300
6B602 0000 32.765600 -100.518500
6B605 0000 32.766200 -100.518700
6B608 0000 32.766700 -100.518800
6B611 0000 32.767300 -100.519000
6B614 0000 32.767900 -100.519200
6B617 0000 32.768500 -100.519400
6B620 0000 32.769100 -100.519500
6B623 0000 32.769700 -100.519700
6B626 0000 32.770300 -100.519900
6B629 0000 32.770800 -100.520000
6B632 0000 32.771400 -100.520200
6B635 0000 32.772000 -100.520400
6B638 0000 32.772600 -100.520500
6B641 0000 32.773200 -100.520700
6B644 0000 32.773800 -100.520900
6D359 0000 32.718400 -100.502700
6D362 0000 32.719000 -100.502900
6D365 0000 32.719600 -100.503100
6D368 0000 32.720200 -100.503300
6D371 0000 32.720700 -100.503400
6D374 0000 32.721300 -100.503600
6D377 0000 32.721900 -100.503800
6D395 0000 32.725500 -100.504800
6D398 0000 32.726000 -100.504900
6D401 0000 32.726600 -100.505100
6D404 0000 32.727200 -100.505300
6D407 0000 32.727800 -100.505500
6D410 0000 32.728400 -100.505600
6D413 0000 32.729000 -100.505800
6D416 0000 32.729600 -100.506000
6D419 0000 32.730100 -100.506100
6D422 0000 32.730700 -100.506300
6D425 0000 32.731300 -100.506500
6D428 0000 32.731900 -100.506600
6D431 0000 32.732500 -100.506800
6D434 0000 32.733100 -100.507000
6D437 0000 32.733700 -100.507100
6D440 0000 32.734300 -100.507300
6D443 0000 32.734900 -100.507500
6D446 0000 32.735400 -100.507600
6D449 0000 32.736000 -100.507800
6D452 0000 32.736600 -100.508000
6D455 0000 32.737200 -100.508200
6D458 0000 32.737800 -100.508300
6D461 0000 32.738400 -100.508500
6D464 0000 32.739000 -100.508700
6D467 0000 32.739600 -100.508800
6D470 0000 32.740100 -100.509000
6D473 0000 32.740700 -100.509200
6D476 0000 32.741300 -100.509400
6D479 0000 32.741900 -100.509500
6D482 0000 32.742500 -100.509700
6D485 0000 32.743100 -100.509800
6D488 0000 32.743700 -100.510000
6D491 0000 32.744300 -100.510200
6D494 0000 32.744800 -100.510300
6D497 0000 32.745400 -100.510500
6D500 0000 32.746000 -100.510600
6D503 0000 32.746600 -100.510800
6D506 0000 32.747200 -100.511000
6D509 0000 32.747800 -100.511200
6D512 0000 32.748400 -100.511400
6D515 0000 32.749000 -100.511500
6D518 0000 32.749500 -100.511700
6D521 0000 32.750100 -100.511900
6D524 0000 32.750700 -100.512000
6D527 0000 32.751300 -100.512200
6D530 0000 32.751900 -100.512400
6D533 0000 32.752500 -100.512500
6D536 0000 32.753100 -100.512700
6D539 0000 32.753700 -100.512900
6D542 0000 32.754200 -100.513000
6D545 0000 32.754800 -100.513200
6D548 0000 32.755400 -100.513400
6D551 0000 32.756000 -100.513600
6D554 0000 32.756600 -100.513700
6D557 0000 32.757200 -100.513900
6D560 0000 32.757800 -100.514100
6D563 0000 32.758400 -100.514200
6D566 0000 32.758900 -100.514400
6D569 0000 32.759500 -100.514600
6D572 0000 32.760100 -100.514700
6D575 0000 32.760700 -100.514900
6D578 0000 32.761300 -100.515100
6D581 0000 32.761900 -100.515200
6D584 0000 32.762500 -100.515400
6D587 0000 32.763100 -100.515600
6D590 0000 32.763600 -100.515700
6D593 0000 32.764200 -100.515900
6D596 0000 32.764800 -100.516100
6D599 0000 32.765400 -100.516300
6D602 0000 32.766000 -100.516400
6D605 0000 32.766600 -100.516600
6D608 0000 32.767200 -100.516800
6D611 0000 32.767800 -100.516900
6D614 0000 32.768300 -100.517100
6D617 0000 32.768900 -100.517300
6D620 0000 32.769500 -100.517400
6D623 0000 32.770100 -100.517600
6D626 0000 32.770700 -100.517800
6D629 0000 32.771300 -100.517900
6D632 0000 32.771900 -100.518100
6D635 0000 32.772500 -100.518300
6D638 0000 32.773000 -100.518400
6D641 0000 32.773600 -100.518600
6D644 0000 32.774200 -100.518800
6F359 0000 32.718800 -100.500700
6F362 0000 32.719400 -100.500800
6F365 0000 32.720000 -100.501000
6F368 0000 32.720600 -100.501200
6F371 0000 32.721200 -100.501300
6F374 0000 32.721800 -100.501500
6F377 0000 32.722400 -100.501700
6F380 0000 32.722900 -100.501800
6F383 0000 32.723500 -100.502000
6F386 0000 32.724100 -100.502200
6F389 0000 32.724700 -100.502400
6F392 0000 32.725300 -100.502500
6F395 0000 32.725900 -100.502700
6F398 0000 32.726500 -100.502900
6F401 0000 32.727100 -100.503000
6F404 0000 32.727600 -100.503200
6F407 0000 32.728200 -100.503400
6F410 0000 32.728800 -100.503500
6F413 0000 32.729400 -100.503700
6F416 0000 32.730000 -100.503900
6F419 0000 32.730600 -100.504000
6F422 0000 32.731200 -100.504200
6F425 0000 32.731800 -100.504400
6F428 0000 32.732300 -100.504500
6F431 0000 32.732900 -100.504700
6F434 0000 32.733500 -100.504900
6F437 0000 32.734100 -100.505100
6F440 0000 32.734700 -100.505200
6F443 0000 32.735300 -100.505400
6F446 0000 32.735900 -100.505600
6F449 0000 32.736500 -100.505700
6F452 0000 32.737000 -100.505900
6F455 0000 32.737600 -100.506100
6F458 0000 32.738200 -100.506200
6F461 0000 32.738800 -100.506400
6F464 0000 32.739400 -100.506600
6F467 0000 32.739900 -100.506700
6F470 0000 32.740600 -100.506900
6F473 0000 32.741200 -100.507100
6F476 0000 32.741700 -100.507200
6F479 0000 32.742300 -100.507400
6F482 0000 32.742900 -100.507600
6F485 0000 32.743500 -100.507800
6F488 0000 32.744100 -100.507900
6F491 0000 32.744700 -100.508100
6F494 0000 32.745300 -100.508300
6F497 0000 32.745900 -100.508400
6F500 0000 32.746400 -100.508600
6F503 0000 32.747000 -100.508800
6F506 0000 32.747600 -100.508900
6F509 0000 32.748200 -100.509100
6F512 0000 32.748800 -100.509300
6F515 0000 32.749400 -100.509400
6F518 0000 32.750000 -100.509600
6F521 0000 32.750600 -100.509800
6F524 0000 32.751100 -100.509900
6F527 0000 32.751700 -100.510100
6F530 0000 32.752300 -100.510300
6F533 0000 32.752900 -100.510500
6F536 0000 32.753500 -100.510600
6F539 0000 32.754100 -100.510800
6F542 0000 32.754700 -100.511000
6F545 0000 32.755300 -100.511100
6F548 0000 32.755800 -100.511300
6F551 0000 32.756400 -100.511500
6F554 0000 32.757000 -100.511600
6F557 0000 32.757600 -100.511800
6F560 0000 32.758200 -100.512000
6F563 0000 32.758800 -100.512100
6F566 0000 32.759400 -100.512300
6F569 0000 32.760000 -100.512500
6F572 0000 32.760500 -100.512600
6F575 0000 32.761100 -100.512800
6F578 0000 32.761700 -100.513000
6F581 0000 32.762300 -100.513200
6F584 0000 32.762900 -100.513300
6F587 0000 32.763500 -100.513500
6F590 0000 32.764100 -100.513700
6F593 0000 32.764700 -100.513800
6F596 0000 32.765300 -100.514000
6F599 0000 32.765800 -100.514200
6F602 0000 32.766400 -100.514300
6F605 0000 32.767000 -100.514500
6F608 0000 32.767600 -100.514700
6F611 0000 32.768200 -100.514800
6F614 0000 32.768800 -100.515000
6F617 0000 32.769400 -100.515200
6F620 0000 32.770000 -100.515300
6F623 0000 32.770500 -100.515500
6F626 0000 32.771100 -100.515700
6F629 0000 32.771700 -100.515900
6F632 0000 32.772300 -100.516000
6F635 0000 32.772900 -100.516200
6F638 0000 32.773500 -100.516400
6F641 0000 32.774100 -100.516500
6F644 0000 32.774700 -100.516700
6H359 0000 32.719300 -100.498600
6H365 0000 32.720400 -100.498900
6H368 0000 32.721000 -100.499100
6H371 0000 32.721600 -100.499300
6H374 0000 32.722200 -100.499400
6H377 0000 32.722800 -100.499600
6H380 0000 32.723400 -100.499800
6H383 0000 32.724000 -100.499900
6H386 0000 32.724500 -100.500100
6H389 0000 32.725100 -100.500300
6H392 0000 32.725700 -100.500400
6H395 0000 32.726300 -100.500600
6H401 0000 32.727500 -100.500900
6H404 0000 32.728100 -100.501100
6H407 0000 32.728700 -100.501300
6H410 0000 32.729200 -100.501400
6H413 0000 32.729800 -100.501600
6H416 0000 32.730400 -100.501800
6H419 0000 32.731000 -100.502000
6H422 0000 32.731600 -100.502100 
6H425 0000 32.732200 -100.502300
6H428 0000 32.732800 -100.502500
6H431 0000 32.733400 -100.502600
6H437 0000 32.734500 -100.503000
6H440 0000 32.735100 -100.503100
6H443 0000 32.735700 -100.503300
6H446 0000 32.736300 -100.503500
6H449 0000 32.736900 -100.503600
6H452 0000 32.737500 -100.503800
6H455 0000 32.738100 -100.504000
6H458 0000 32.738600 -100.504100
6H461 0000 32.739200 -100.504300
6H464 0000 32.739800 -100.504500
6H467 0000 32.740400 -100.504700
6H473 0000 32.741600 -100.505000
6H476 0000 32.742200 -100.505200
6H479 0000 32.742800 -100.505300
6H482 0000 32.743300 -100.505500
6H485 0000 32.743900 -100.505700
6H488 0000 32.744500 -100.505800
6H491 0000 32.745100 -100.506000
6H494 0000 32.745700 -100.506200
6H497 0000 32.746300 -100.506300
6H500 0000 32.746900 -100.506500
6H503 0000 32.747500 -100.506700
6H509 0000 32.748600 -100.507000
6H512 0000 32.749200 -100.507200
6H515 0000 32.749800 -100.507400
6H518 0000 32.750400 -100.507500
6H521 0000 32.751000 -100.507700
6H524 0000 32.751600 -100.507900
6H527 0000 32.752200 -100.508000
6H530 0000 32.752800 -100.508200
6H533 0000 32.753300 -100.508400
6H536 0000 32.753900 -100.508500
6H539 0000 32.754500 -100.508700
6H545 0000 32.755700 -100.509000
6H548 0000 32.756300 -100.509200
6H551 0000 32.756900 -100.509400
6H554 0000 32.757500 -100.509500
6H557 0000 32.758000 -100.509700
6H560 0000 32.758600 -100.509900
6H563 0000 32.759200 -100.510100
6H566 0000 32.759800 -100.510200
6H569 0000 32.760400 -100.510400
6H572 0000 32.761000 -100.510600
6H575 0000 32.761600 -100.510700
6H581 0000 32.762700 -100.511100
6H584 0000 32.763300 -100.511200
6H587 0000 32.763900 -100.511400
6H590 0000 32.764500 -100.511600
6H593 0000 32.765100 -100.511700
6H596 0000 32.765700 -100.511900
6H599 0000 32.766300 -100.512100
6H602 0000 32.766900 -100.512200
6H605 0000 32.767400 -100.512400
6H608 0000 32.768000 -100.512600
6H611 0000 32.768600 -100.512800
6H617 0000 32.769800 -100.513100
6H620 0000 32.770400 -100.513300
6H623 0000 32.771000 -100.513400
6H626 0000 32.771600 -100.513600
6H629 0000 32.772200 -100.513700
6H632 0000 32.772700 -100.513900
6H635 0000 32.773300 -100.514100
6H638 0000 32.773900 -100.514300
6H641 0000 32.774500 -100.514400
6H644 0000 32.775100 -100.514600
6J359 0000 32.719700 -100.496500
6J362 0000 32.720300 -100.496700
6J365 0000 32.720900 -100.496800
6J368 0000 32.721500 -100.497000
6J371 0000 32.722000 -100.497200
6J374 0000 32.722600 -100.497300
6J377 0000 32.723200 -100.497500
6J380 0000 32.723800 -100.497700
6J383 0000 32.724400 -100.497800
6J386 0000 32.725000 -100.498000
6J389 0000 32.725600 -100.498200
6J392 0000 32.726100 -100.498300
6J395 0000 32.726700 -100.498500
6J398 0000 32.727300 -100.498700
6J401 0000 32.727900 -100.498900
6J404 0000 32.728500 -100.499000
6J407 0000 32.729100 -100.499200
6J410 0000 32.729700 -100.499400
6J413 0000 32.730300 -100.499500
6J416 0000 32.730800 -100.499700
6J419 0000 32.731400 -100.499900
6J422 0000 32.732000 -100.500000
6J425 0000 32.732600 -100.500200
6J428 0000 32.733200 -100.500400
6J431 0000 32.733800 -100.500500
6J434 0000 32.734400 -100.500700
6J437 0000 32.735000 -100.500900
6J440 0000 32.735500 -100.501000
6J443 0000 32.736100 -100.501200
6J446 0000 32.736700 -100.501400
6J449 0000 32.737300 -100.501600
6J452 0000 32.737900 -100.501700
6J455 0000 32.738500 -100.501900
6J458 0000 32.739100 -100.502100
6J461 0000 32.739700 -100.502200
6J464 0000 32.740300 -100.502400
6J467 0000 32.740800 -100.502600
6J470 0000 32.741400 -100.502700
6J473 0000 32.742000 -100.502900
6J476 0000 32.742600 -100.503100
6J479 0000 32.743200 -100.503200
6J482 0000 32.743800 -100.503400
6J485 0000 32.744400 -100.503600
6J488 0000 32.744900 -100.503700
6J491 0000 32.745500 -100.503900
6J494 0000 32.746100 -100.504100
6J497 0000 32.746700 -100.504300
6J500 0000 32.747300 -100.504400
6J503 0000 32.747900 -100.504600
6J506 0000 32.748500 -100.504800
6J509 0000 32.749100 -100.504900
6J512 0000 32.749700 -100.505100
6J515 0000 32.750200 -100.505300
6J518 0000 32.750800 -100.505400
6J521 0000 32.751400 -100.505600
6J524 0000 32.752000 -100.505800
6J527 0000 32.752600 -100.505900
6J530 0000 32.753200 -100.506100
6J533 0000 32.753800 -100.506300
6J536 0000 32.754400 -100.506400
6J539 0000 32.754900 -100.506600
6J542 0000 32.755500 -100.506800
6J545 0000 32.756100 -100.507000
6J548 0000 32.756700 -100.507100
6J551 0000 32.757300 -100.507300
6J554 0000 32.757900 -100.507500
6J557 0000 32.758500 -100.507600
6J560 0000 32.759100 -100.507800
6J563 0000 32.759600 -100.508000
6J566 0000 32.760200 -100.508100
6J569 0000 32.760800 -100.508300
6J572 0000 32.761400 -100.508500
6J575 0000 32.762000 -100.508600
6J578 0000 32.762600 -100.508800
6J581 0000 32.763200 -100.509000
6J584 0000 32.763800 -100.509100
6J587 0000 32.764300 -100.509300
6J590 0000 32.764900 -100.509500
6J593 0000 32.765500 -100.509700
6J596 0000 32.766100 -100.509800
6J599 0000 32.766700 -100.510000
6J602 0000 32.767300 -100.510200
6J605 0000 32.767900 -100.510300
6J608 0000 32.768500 -100.510500
6J611 0000 32.769000 -100.510700
6J614 0000 32.769600 -100.510800
6J617 0000 32.770200 -100.511000
6J620 0000 32.770800 -100.511200
6J623 0000 32.771400 -100.511300
6J626 0000 32.772000 -100.511500
6J629 0000 32.772600 -100.511700
6J632 0000 32.773200 -100.511800
6J635 0000 32.773700 -100.512000
6J638 0000 32.774300 -100.512200
6J641 0000 32.774900 -100.512400
6J644 0000 32.775500 -100.512500
6L359 0000 32.720100 -100.494400
6L362 0000 32.720700 -100.494600
6L365 0000 32.721300 -100.494800
6L368 0000 32.721900 -100.494900
6L371 0000 32.722500 -100.495100
6L374 0000 32.723100 -100.495300
6L377 0000 32.723600 -100.495400
6L380 0000 32.724200 -100.495600
6L383 0000 32.724800 -100.495800
6L386 0000 32.725400 -100.495900
6L389 0000 32.726000 -100.496100
6L392 0000 32.726600 -100.496300
6L395 0000 32.727200 -100.496400
6L398 0000 32.727700 -100.496600
6L401 0000 32.728300 -100.496800
6L404 0000 32.728900 -100.496900
6L407 0000 32.729500 -100.497100
6L410 0000 32.730100 -100.497300
6L413 0000 32.730700 -100.497400
6L416 0000 32.731300 -100.497600
6L419 0000 32.731900 -100.497800
6L422 0000 32.732400 -100.498000
6L425 0000 32.733000 -100.498100
6L428 0000 32.733600 -100.498300
6L431 0000 32.734200 -100.498500
6L434 0000 32.734800 -100.498600
6L437 0000 32.735400 -100.498800
6L440 0000 32.736000 -100.499000
6L443 0000 32.736600 -100.499100
6L446 0000 32.737200 -100.499300
6L449 0000 32.737700 -100.499500
6L452 0000 32.738300 -100.499600
6L455 0000 32.738900 -100.499800
6L458 0000 32.739500 -100.500000
6L461 0000 32.740100 -100.500100
6L464 0000 32.740700 -100.500300
6L467 0000 32.741300 -100.500500
6L470 0000 32.741900 -100.500600
6L473 0000 32.742400 -100.500800
6L476 0000 32.743000 -100.501000
6L479 0000 32.743600 -100.501200
6L482 0000 32.744200 -100.501300
6L485 0000 32.744800 -100.501500
6L488 0000 32.745400 -100.501700
6L491 0000 32.746000 -100.501800
6L494 0000 32.746600 -100.502000
6L497 0000 32.747100 -100.502200
6L500 0000 32.747700 -100.502300
6L503 0000 32.748300 -100.502500
6L506 0000 32.748900 -100.502700
6L509 0000 32.749500 -100.502800
6L512 0000 32.750100 -100.503000
6L515 0000 32.750700 -100.503200
6L518 0000 32.751300 -100.503300
6L521 0000 32.751800 -100.503500
6L524 0000 32.752400 -100.503700
6L527 0000 32.753000 -100.503900
6L530 0000 32.753600 -100.504000
6L533 0000 32.754200 -100.504200
6L536 0000 32.754800 -100.504400
6L539 0000 32.755400 -100.504500
6L542 0000 32.756000 -100.504700
6L545 0000 32.756500 -100.504900
6L548 0000 32.757100 -100.505000
6L551 0000 32.757700 -100.505200
6L554 0000 32.758300 -100.505400
6L557 0000 32.758900 -100.505500
6L560 0000 32.759500 -100.505700
6L563 0000 32.760100 -100.505900
6L566 0000 32.760700 -100.506000
6L569 0000 32.761200 -100.506200
6L572 0000 32.761800 -100.506400
6L575 0000 32.762400 -100.506600
6L578 0000 32.763000 -100.506700
6L581 0000 32.763600 -100.506900
6L584 0000 32.764200 -100.507100
6L587 0000 32.764800 -100.507200
6L590 0000 32.765400 -100.507400
6L593 0000 32.765900 -100.507600
6L596 0000 32.766500 -100.507700
6L599 0000 32.767100 -100.507900
6L602 0000 32.767700 -100.508100
6L605 0000 32.768300 -100.508200
6L608 0000 32.768900 -100.508400
6L611 0000 32.769500 -100.508600
6L614 0000 32.770100 -100.508700
6L617 0000 32.770600 -100.508900
6L620 0000 32.771200 -100.509100
6L623 0000 32.771800 -100.509300
6L626 0000 32.772400 -100.509400
6L629 0000 32.773000 -100.509600
6L632 0000 32.773600 -100.509800
6L635 0000 32.774200 -100.509900
6L638 0000 32.774800 -100.510100
6L641 0000 32.775300 -100.510300
6L644 0000 32.775900 -100.510400
6N359 0000 32.720500 -100.492300
6N362 0000 32.721100 -100.492500
6N365 0000 32.721700 -100.492700
6N368 0000 32.722300 -100.492800
6N371 0000 32.722900 -100.493000
6N374 0000 32.723500 -100.493200
6N377 0000 32.724100 -100.493300
6N380 0000 32.724600 -100.493500
6N383 0000 32.725200 -100.493700
6N386 0000 32.725800 -100.493800
6N389 0000 32.726400 -100.494000
6N392 0000 32.727000 -100.494200
6N395 0000 32.727600 -100.494300
6N398 0000 32.728200 -100.494500
6N401 0000 32.728800 -100.494700
6N404 0000 32.729900 -100.495000
6N410 0000 32.730500 -100.495200
6N413 0000 32.731100 -100.495400
6N416 0000 32.731700 -100.495500
6N419 0000 32.732300 -100.495700
6N422 0000 32.732900 -100.495900
6N425 0000 32.733500 -100.496000
6N428 0000 32.734100 -100.496200
6N431 0000 32.734600 -100.496400
6N434 0000 32.735200 -100.496500
6N437 0000 32.735800 -100.496700
6N440 0000 32.736400 -100.496900
6N443 0000 32.737000 -100.497000
6N446 0000 32.737600 -100.497200
6N449 0000 32.738200 -100.497400
6N452 0000 32.738800 -100.497600
6N455 0000 32.739300 -100.497700
6N458 0000 32.739900 -100.497900
6N461 0000 32.740500 -100.498100
6N464 0000 32.741100 -100.498200
6N467 0000 32.741700 -100.498400
6N470 0000 32.742300 -100.498600
6N473 0000 32.742900 -100.498700
6N476 0000 32.743500 -100.498900
6N479 0000 32.744000 -100.499100
6N482 0000 32.744600 -100.499200
6N485 0000 32.745200 -100.499400
6N488 0000 32.745800 -100.499600
6N491 0000 32.746400 -100.499700
6N494 0000 32.747000 -100.499900
6N497 0000 32.747600 -100.500100
6N500 0000 32.748200 -100.500300
6N503 0000 32.748700 -100.500400
6N506 0000 32.749300 -100.500600
6N509 0000 32.749900 -100.500800
6N512 0000 32.750500 -100.500900
6N515 0000 32.751100 -100.501100
6N518 0000 32.751700 -100.501300
6N521 0000 32.752300 -100.501400
6N524 0000 32.752900 -100.501600
6N527 0000 32.753400 -100.501800
6N530 0000 32.754000 -100.501900
6N533 0000 32.754600 -100.502100
6N536 0000 32.755200 -100.502300
6N539 0000 32.755800 -100.502400
6N542 0000 32.756400 -100.502600
6N545 0000 32.757000 -100.502800
6N548 0000 32.757600 -100.502900
6N551 0000 32.758100 -100.503100
6N554 0000 32.758700 -100.503300
6N557 0000 32.759300 -100.503500
6N560 0000 32.759900 -100.503600
6N563 0000 32.760500 -100.503800
6N566 0000 32.761100 -100.504000
6N569 0000 32.761700 -100.504100
6N572 0000 32.762300 -100.504300
6N575 0000 32.762800 -100.504500
6N578 0000 32.763400 -100.504600
6N581 0000 32.764000 -100.504800
6N584 0000 32.764600 -100.505000
6N587 0000 32.765200 -100.505100
6N590 0000 32.765800 -100.505300
6N593 0000 32.766400 -100.505500
6N596 0000 32.767000 -100.505600
6N599 0000 32.767500 -100.505800
6N602 0000 32.768100 -100.506000
6N605 0000 32.768700 -100.506200
6N608 0000 32.769300 -100.506300
6N611 0000 32.769900 -100.506500
6N614 0000 32.770500 -100.506700
6N617 0000 32.771100 -100.506800
6N620 0000 32.771700 -100.507000
6N623 0000 32.772200 -100.507200
6N626 0000 32.772800 -100.507300
6N629 0000 32.773400 -100.507500
6N632 0000 32.774000 -100.507700
6N635 0000 32.774600 -100.507800
6N638 0000 32.775200 -100.508000
6N641 0000 32.775800 -100.508200
6N644 0000 32.776400 -100.508300
6P359 0000 32.721000 -100.490200
6P365 0000 32.722100 -100.490600
6P368 0000 32.722700 -100.490700
6P371 0000 32.723300 -100.490900
6P374 0000 32.723900 -100.491100
6P377 0000 32.724500 -100.491300
6P380 0000 32.725100 -100.491400
6P383 0000 32.725700 -100.491600
6P386 0000 32.726300 -100.491800
6P389 0000 32.726800 -100.491900
6P392 0000 32.727500 -100.492100
6P395 0000 32.728000 -100.492300
6P401 0000 32.729200 -100.492600
6P404 0000 32.729800 -100.492800
6P407 0000 32.730400 -100.492900
6P410 0000 32.731000 -100.493100
6P413 0000 32.731500 -100.493300
6P416 0000 32.732100 -100.493400
6P419 0000 32.732700 -100.493600
6P422 0000 32.733300 -100.493800
6P425 0000 32.733900 -100.493900
6P428 0000 32.734500 -100.494100
6P431 0000 32.735100 -100.494300
6P437 0000 32.736200 -100.494600
6P440 0000 32.736800 -100.494800
6P443 0000 32.737400 -100.495000
6P446 0000 32.738000 -100.495100
6P449 0000 32.738600 -100.495300
6P452 0000 32.739200 -100.495500
6P455 0000 32.739800 -100.495600
6P458 0000 32.740300 -100.495800
6P461 0000 32.740900 -100.496000
6P464 0000 32.741500 -100.496100
6P467 0000 32.742100 -100.496300
6P473 0000 32.743300 -100.496600
6P476 0000 32.743900 -100.496800
6P479 0000 32.744500 -100.497000
6P482 0000 32.745100 -100.497100
6P485 0000 32.745600 -100.497300
6P488 0000 32.746200 -100.497500
6P491 0000 32.746800 -100.497700
6P494 0000 32.747400 -100.497800
6P497 0000 32.748000 -100.498000
6P500 0000 32.748600 -100.498200
6P503 0000 32.749200 -100.498300
6P509 0000 32.750300 -100.498700
6P512 0000 32.750900 -100.498800
6P515 0000 32.751500 -100.499000
6P518 0000 32.752100 -100.499200
6P521 0000 32.752700 -100.499300
6P524 0000 32.753300 -100.499500
6P527 0000 32.753900 -100.499700
6P530 0000 32.754500 -100.499800
6P533 0000 32.755000 -100.500000
6P536 0000 32.755600 -100.500200
6P539 0000 32.756200 -100.500400
6P545 0000 32.757400 -100.500700
6P548 0000 32.758000 -100.500900
6P551 0000 32.758600 -100.501000
6P554 0000 32.759200 -100.501200
6P557 0000 32.759700 -100.501400
6P560 0000 32.760300 -100.501500
6P563 0000 32.760900 -100.501700
6P566 0000 32.761500 -100.501900
6P569 0000 32.762100 -100.502000
6P572 0000 32.762700 -100.502200
6P575 0000 32.763300 -100.502400
6P581 0000 32.764500 -100.502700
6P584 0000 32.765000 -100.502900
6P587 0000 32.765600 -100.503100
6P590 0000 32.766200 -100.503200
6P593 0000 32.766800 -100.503400
6P596 0000 32.767400 -100.503600
6P599 0000 32.768000 -100.503700
6P602 0000 32.768600 -100.503900
6P605 0000 32.769200 -100.504100
6P608 0000 32.769700 -100.504200
6P611 0000 32.770300 -100.504400
6P617 0000 32.771500 -100.504700
6P620 0000 32.772100 -100.504900
6P623 0000 32.772700 -100.505100
6P626 0000 32.773300 -100.505300
6P629 0000 32.773900 -100.505400
6P632 0000 32.774400 -100.505600
6P635 0000 32.775000 -100.505800
6P638 0000 32.775600 -100.505900
6P641 0000 32.776200 -100.506100
6P644 0000 32.776800 -100.506300
6R359 0000 32.721400 -100.488200
6R362 0000 32.722000 -100.488300
6R365 0000 32.722600 -100.488500
6R368 0000 32.723200 -100.488700
6R371 0000 32.723700 -100.488800
6R374 0000 32.724300 -100.489000
6R377 0000 32.724900 -100.489200
6R380 0000 32.725500 -100.489300
6R383 0000 32.726100 -100.489500
6R386 0000 32.726700 -100.489700
6R389 0000 32.727300 -100.489800
6R392 0000 32.727900 -100.490000
6R395 0000 32.728400 -100.490200
6R398 0000 32.729000 -100.490300
6R401 0000 32.729600 -100.490500
6R404 0000 32.730200 -100.490700
6R407 0000 32.730800 -100.490800
6R410 0000 32.731400 -100.491000
6R413 0000 32.732000 -100.491200
6R416 0000 32.732600 -100.491400
6R419 0000 32.733100 -100.491500
6R422 0000 32.733700 -100.491700
6R425 0000 32.734300 -100.491900
6R428 0000 32.734900 -100.492000
6R431 0000 32.735500 -100.492200
6R434 0000 32.736100 -100.492400
6R437 0000 32.736700 -100.492500
6R440 0000 32.737300 -100.492700
6R443 0000 32.737800 -100.492900
6R446 0000 32.738400 -100.493000
6R449 0000 32.739000 -100.493200
6R452 0000 32.739600 -100.493400
6R455 0000 32.740200 -100.493500
6R458 0000 32.740800 -100.493700
6R461 0000 32.741400 -100.493900
6R464 0000 32.742000 -100.494100
6R467 0000 32.742500 -100.494200
6R470 0000 32.743100 -100.494400
6R473 0000 32.743700 -100.494600
6R476 0000 32.744300 -100.494700
6R479 0000 32.744900 -100.494900
6R482 0000 32.745500 -100.495100
6R485 0000 32.746100 -100.495200
6R488 0000 32.746700 -100.495400
6R491 0000 32.747200 -100.495600
6R494 0000 32.747800 -100.495700
6R497 0000 32.748400 -100.495900
6R500 0000 32.749000 -100.496100
6R503 0000 32.749600 -100.496200
6R506 0000 32.750200 -100.496400
6R509 0000 32.750800 -100.496600
6R512 0000 32.751400 -100.496800
6R515 0000 32.751900 -100.496900
6R518 0000 32.752500 -100.497100
6R521 0000 32.753100 -100.497300
6R524 0000 32.753700 -100.497400
6R527 0000 32.754300 -100.497600
6R530 0000 32.754900 -100.497800
6R533 0000 32.755500 -100.497900    
6R536 0000 32.756100 -100.498100
6R539 0000 32.756700 -100.498300
6R542 0000 32.757200 -100.498400
6R545 0000 32.757800 -100.498600
6R548 0000 32.758400 -100.498800
6R551 0000 32.759000 -100.498900
6R554 0000 32.759600 -100.499100
6R557 0000 32.760200 -100.499300
6R560 0000 32.760700 -100.499600
6R563 0000 32.761400 -100.499600
6R566 0000 32.761900 -100.499800
6R569 0000 32.762500 -100.500000
6R572 0000 32.763100 -100.500100
6R575 0000 32.763700 -100.500300
6R578 0000 32.764300 -100.500500
6R581 0000 32.764900 -100.500600
6R584 0000 32.765500 -100.500800
6R587 0000 32.766100 -100.501000
6R590 0000 32.766600 -100.501100
6R593 0000 32.767200 -100.501300
6R596 0000 32.767800 -100.501500
6R599 0000 32.768400 -100.501600
6R602 0000 32.769000 -100.501800
6R605 0000 32.769600 -100.502000
6R608 0000 32.770200 -100.502200
6R611 0000 32.770800 -100.502300
6R614 0000 32.771300 -100.502500
6R617 0000 32.771900 -100.502700
6R620 0000 32.772500 -100.502800
6R623 0000 32.773100 -100.503000
6R626 0000 32.773700 -100.503200
6R629 0000 32.774300 -100.503300
6R632 0000 32.774900 -100.503500
6R635 0000 32.775500 -100.503700
6R638 0000 32.776000 -100.503800
6R641 0000 32.776600 -100.504000
6R644 0000 32.777200 -100.504200
6T359 0000 32.721800 -100.486100
6T362 0000 32.722400 -100.486200
6T365 0000 32.723000 -100.486400
6T368 0000 32.723600 -100.486600
6T371 0000 32.724200 -100.486700
6T374 0000 32.724800 -100.486900
6T377 0000 32.725300 -100.487100
6T380 0000 32.725900 -100.487200
6T383 0000 32.726500 -100.487400
6T386 0000 32.727100 -100.487600
6T389 0000 32.727700 -100.487800
6T392 0000 32.728300 -100.487900
6T395 0000 32.728900 -100.488100
6T398 0000 32.729500 -100.488300
6T401 0000 32.730100 -100.488400
6T404 0000 32.730600 -100.488600
6T407 0000 32.731200 -100.488800
6T410 0000 32.731800 -100.488900
6T413 0000 32.732400 -100.489100
6T416 0000 32.733000 -100.489300
6T419 0000 32.733600 -100.489400
6T422 0000 32.734200 -100.489600
6T425 0000 32.734700 -100.489800
6T428 0000 32.735300 -100.489900
6T431 0000 32.735900 -100.490100
6T434 0000 32.736500 -100.490300
6T437 0000 32.737100 -100.490400
6T440 0000 32.737700 -100.490600
6T443 0000 32.738300 -100.490800
6T446 0000 32.738900 -100.491000
6T449 0000 32.739400 -100.491100
6T452 0000 32.740000 -100.491300
6T455 0000 32.740800 -100.491500
6T458 0000 32.741200 -100.491600
6T461 0000 32.741800 -100.491800
6T464 0000 32.742400 -100.492000
6T467 0000 32.743000 -100.492100
6T470 0000 32.743600 -100.492300
6T473 0000 32.744100 -100.492500
6T476 0000 32.744700 -100.492600
6T479 0000 32.745300 -100.492800
6T482 0000 32.745900 -100.493000
6T485 0000 32.746500 -100.493100
6T488 0000 32.747100 -100.493300
6T491 0000 32.747700 -100.493500
6T494 0000 32.748300 -100.493700
6T497 0000 32.748900 -100.493800
6T500 0000 32.749400 -100.494000
6T503 0000 32.750000 -100.494200
6T506 0000 32.750600 -100.494300
6T509 0000 32.751200 -100.494500
6T512 0000 32.751800 -100.494700
6T515 0000 32.752400 -100.494800
6T518 0000 32.753000 -100.495000
6T521 0000 32.753500 -100.495200
6T524 0000 32.754100 -100.495400
6T527 0000 32.754700 -100.495600
6T530 0000 32.755300 -100.495700
6T533 0000 32.755900 -100.495900
6T536 0000 32.756500 -100.496100
6T539 0000 32.757100 -100.496300
6T542 0000 32.757600 -100.496500
6T545 0000 32.758200 -100.496600
6T548 0000 32.758800 -100.496800
6T551 0000 32.759400 -100.497000
6T554 0000 32.760000 -100.497200
6T557 0000 32.760600 -100.497000
6T560 0000 32.761200 -100.497200
6T563 0000 32.761800 -100.497400
6T566 0000 32.762400 -100.497600
6T569 0000 32.763000 -100.497700
6T572 0000 32.763600 -100.497900
6T575 0000 32.764200 -100.498100
6T578 0000 32.764700 -100.498300
6T581 0000 32.765300 -100.498500
6T584 0000 32.765900 -100.498600
6T587 0000 32.766500 -100.498800
6T590 0000 32.767100 -100.499000
6T593 0000 32.767700 -100.499200
6T596 0000 32.768300 -100.499300
6T599 0000 32.768800 -100.499500
6T602 0000 32.769400 -100.499600
6T605 0000 32.770000 -100.499800
6T608 0000 32.770600 -100.500000
6T611 0000 32.771200 -100.500200
6T614 0000 32.771800 -100.500400
6T617 0000 32.772400 -100.500500
6T620 0000 32.773000 -100.500700
6T623 0000 32.773500 -100.500900
6T626 0000 32.774100 -100.501000
6T629 0000 32.774700 -100.501200
6T632 0000 32.775300 -100.501400
6T635 0000 32.775900 -100.501600
6T638 0000 32.776500 -100.501700
6T641 0000 32.777100 -100.501900
6T644 0000 32.777600 -100.502100
6V431 0000 32.736400 -100.488000
6V434 0000 32.736900 -100.488200
6V437 0000 32.737500 -100.488400
6V440 0000 32.738100 -100.488500
6V443 0000 32.738700 -100.488700
6V446 0000 32.739300 -100.488900
6V449 0000 32.739900 -100.489000
6V452 0000 32.740500 -100.489200
6V455 0000 32.741100 -100.489400
6V458 0000 32.741600 -100.489500
6V461 0000 32.742200 -100.489700
6V464 0000 32.742800 -100.489900
6V467 0000 32.743400 -100.490000
6V470 0000 32.744000 -100.490200
6V473 0000 32.744600 -100.490400
6V476 0000 32.745200 -100.490600
6V479 0000 32.745800 -100.490700
6V482 0000 32.746300 -100.490900
6V485 0000 32.746900 -100.491100
6V488 0000 32.747500 -100.491200
6V491 0000 32.748100 -100.491400
6V494 0000 32.748700 -100.491600
6V497 0000 32.749300 -100.491700
6V500 0000 32.749900 -100.491900
6V503 0000 32.750500 -100.492100
6V506 0000 32.751000 -100.492200
6V509 0000 32.751600 -100.492400
6V512 0000 32.752200 -100.492600
6V515 0000 32.752800 -100.492700
6V518 0000 32.753400 -100.492900
6V521 0000 32.754000 -100.493100
6V524 0000 32.754600 -100.493300
6V527 0000 32.755200 -100.493400
6V530 0000 32.755700 -100.493600
6V533 0000 32.756400 -100.493600
6V536 0000 32.757000 -100.493800
6V539 0000 32.757500 -100.494100
6V542 0000 32.758100 -100.494300
6V545 0000 32.758700 -100.494400
6V548 0000 32.759300 -100.494600
6V551 0000 32.759900 -100.494800
6V554 0000 32.760400 -100.494900
6V557 0000 32.761000 -100.495100
6V560 0000 32.761600 -100.495300
6V563 0000 32.762200 -100.495400
6V566 0000 32.762800 -100.495600
6V569 0000 32.763400 -100.495800
6V572 0000 32.764000 -100.496000
6V575 0000 32.764600 -100.496100
6V578 0000 32.765100 -100.496300
6V581 0000 32.765700 -100.496500
6V584 0000 32.766300 -100.496600
6V587 0000 32.766900 -100.496800
6V590 0000 32.767500 -100.497000
6V593 0000 32.768100 -100.497100
6V596 0000 32.768700 -100.497300
6V599 0000 32.769300 -100.497500
6V602 0000 32.769800 -100.497600
6V605 0000 32.770400 -100.497800
6V608 0000 32.771000 -100.498000
6V611 0000 32.771600 -100.498100
6V614 0000 32.772200 -100.498300
6V617 0000 32.772800 -100.498500
6V620 0000 32.773400 -100.498700
6V623 0000 32.774000 -100.498800
6V626 0000 32.774500 -100.499000
6V629 0000 32.775100 -100.499200
6V632 0000 32.775700 -100.499300
6V635 0000 32.776300 -100.499500
6V638 0000 32.776900 -100.499700
6V641 0000 32.777500 -100.499800
6V644 0000 32.778100 -100.500000
6X431 0000 32.736800 -100.485900
6X437 0000 32.738000 -100.486300
6X440 0000 32.738600 -100.486300
6X443 0000 32.739100 -100.486600
6X446 0000 32.739700 -100.486800
6X449 0000 32.740300 -100.487000
6X452 0000 32.740900 -100.487100
6X455 0000 32.741500 -100.487300
6X458 0000 32.742100 -100.487500
6X461 0000 32.742700 -100.487600
6X464 0000 32.743200 -100.487800
6X467 0000 32.743800 -100.488000
6X473 0000 32.745000 -100.488300
6X476 0000 32.745600 -100.488500
6X479 0000 32.746200 -100.488600
6X482 0000 32.746800 -100.488800
6X485 0000 32.747400 -100.489000
6X488 0000 32.747900 -100.489100
6X491 0000 32.748500 -100.489300
6X494 0000 32.749100 -100.489500
6X497 0000 32.749700 -100.489600
6X500 0000 32.750300 -100.489800
6X503 0000 32.750900 -100.490000
6X509 0000 32.752100 -100.490300
6X512 0000 32.752600 -100.490500
6X515 0000 32.753200 -100.490700
6X518 0000 32.753800 -100.490800
6X521 0000 32.754400 -100.491000
6X524 0000 32.755000 -100.491200
6X527 0000 32.755600 -100.491300
6X530 0000 32.756200 -100.491500
6X533 0000 32.756800 -100.491700
6X536 0000 32.757300 -100.491800
6X539 0000 32.757900 -100.492000
6X545 0000 32.759100 -100.492300
6X548 0000 32.759700 -100.492500
6X551 0000 32.760300 -100.492700
6X554 0000 32.760900 -100.492900
6X557 0000 32.761500 -100.493000
6X560 0000 32.762000 -100.493200
6X563 0000 32.762600 -100.493300
6X566 0000 32.763200 -100.493500
6X569 0000 32.763800 -100.493700
6X572 0000 32.764400 -100.493900
6X575 0000 32.765000 -100.494000
6X581 0000 32.766200 -100.494400
6X584 0000 32.766700 -100.494500
6X587 0000 32.767300 -100.494700
6X590 0000 32.767900 -100.494900
6X593 0000 32.768500 -100.495000
6X596 0000 32.769100 -100.495200
6X599 0000 32.769700 -100.495400
6X602 0000 32.770300 -100.495600
6X605 0000 32.770900 -100.495700
6X608 0000 32.771500 -100.495900
6X611 0000 32.772000 -100.496100
6X617 0000 32.773200 -100.496400
6X620 0000 32.773800 -100.496600
6X623 0000 32.774400 -100.496700
6X626 0000 32.775000 -100.496900
6X629 0000 32.775600 -100.497100
6X632 0000 32.776200 -100.497200
6X635 0000 32.776700 -100.497400
6X638 0000 32.777300 -100.497600
6X641 0000 32.777900 -100.497700
6X644 0000 32.778500 -100.497900
6Z431 0000 32.737200 -100.483900
6Z434 0000 32.737800 -100.484000
6Z437 0000 32.738400 -100.484200
6Z440 0000 32.739000 -100.484400
6Z443 0000 32.739600 -100.484500
6Z446 0000 32.740100 -100.484700
6Z449 0000 32.740800 -100.484900
6Z452 0000 32.741300 -100.485000
6Z455 0000 32.741900 -100.485200
6Z458 0000 32.742500 -100.485400
6Z461 0000 32.743100 -100.485500
6Z464 0000 32.743700 -100.485700
6Z467 0000 32.744300 -100.485900
6Z470 0000 32.744800 -100.486000
6Z473 0000 32.745400 -100.486200
6Z476 0000 32.746000 -100.486400
6Z479 0000 32.746600 -100.486600
6Z482 0000 32.747200 -100.486700
6Z485 0000 32.747800 -100.486900
6Z488 0000 32.748400 -100.487100
6Z491 0000 32.749000 -100.487200
6Z494 0000 32.749500 -100.487400
6Z497 0000 32.750100 -100.487600
6Z500 0000 32.750700 -100.487700
6Z503 0000 32.751300 -100.487900
6Z506 0000 32.751900 -100.488100
6Z509 0000 32.752500 -100.488200
6Z512 0000 32.753100 -100.488400
6Z515 0000 32.753700 -100.488600
6Z518 0000 32.754200 -100.488700
6Z521 0000 32.754800 -100.488900
6Z524 0000 32.755400 -100.489100
6Z527 0000 32.756000 -100.489300
6Z530 0000 32.756600 -100.489400
6Z533 0000 32.757200 -100.489600
6Z536 0000 32.757800 -100.489800
6Z539 0000 32.758400 -100.489900
6Z542 0000 32.759000 -100.490100
6Z545 0000 32.759500 -100.490300
6Z548 0000 32.760100 -100.490400
6Z551 0000 32.760700 -100.490600
6Z554 0000 32.761300 -100.490800
6Z557 0000 32.761900 -100.490900
6Z560 0000 32.762500 -100.491100
6Z563 0000 32.763100 -100.491300
6Z566 0000 32.763700 -100.491400
6Z569 0000 32.764200 -100.491600
6Z572 0000 32.764800 -100.491800
6Z575 0000 32.765400 -100.491900
6Z578 0000 32.766000 -100.492100
6Z581 0000 32.766600 -100.492300
6Z584 0000 32.767200 -100.492500
6Z587 0000 32.767800 -100.492600
6Z590 0000 32.768400 -100.492800
6Z593 0000 32.768900 -100.493000
6Z596 0000 32.769500 -100.493100
6Z599 0000 32.770100 -100.493300
6Z602 0000 32.770700 -100.493500
6Z605 0000 32.771300 -100.493600
6Z608 0000 32.771900 -100.493800
6Z611 0000 32.772500 -100.494000
6Z614 0000 32.773100 -100.494100
6Z617 0000 32.773600 -100.494300
6Z620 0000 32.774200 -100.494500
6Z623 0000 32.774800 -100.494600
6Z626 0000 32.775400 -100.494800
6Z629 0000 32.776000 -100.495000
6Z632 0000 32.776600 -100.495200
6Z635 0000 32.777200 -100.495300
6Z638 0000 32.777800 -100.495500
6Z641 0000 32.778300 -100.495700
6Z644 0000 32.778900 -100.495800
71356 0000 32.723200 -100.476900
71359 0000 32.723700 -100.477000
71362 0000 32.724300 -100.477200
71365 0000 32.724800 -100.477400
71368 0000 32.725400 -100.477500
71371 0000 32.726000 -100.477700
71374 0000 32.726600 -100.477900
71377 0000 32.727200 -100.478000
71380 0000 32.727800 -100.478200
71383 0000 32.728400 -100.478400
71386 0000 32.729000 -100.478600
71389 0000 32.729600 -100.478700
71392 0000 32.730100 -100.478900
71395 0000 32.730700 -100.479000
71398 0000 32.731300 -100.479200
71401 0000 32.731900 -100.479400
71404 0000 32.732500 -100.479600
71407 0000 32.733100 -100.479700
71410 0000 32.733700 -100.479900
71413 0000 32.734200 -100.480100
71416 0000 32.734800 -100.480200
71419 0000 32.735400 -100.480400
71422 0000 32.736000 -100.480600
71425 0000 32.736600 -100.480700
71428 0000 32.737200 -100.480900
71431 0000 32.737700 -100.481800
71434 0000 32.738200 -100.481900
71437 0000 32.738800 -100.482100
71440 0000 32.739400 -100.482300
71443 0000 32.740000 -100.482500
71446 0000 32.740600 -100.482600
71449 0000 32.741200 -100.482800
71452 0000 32.741700 -100.482900
71455 0000 32.742300 -100.483100
71458 0000 32.742900 -100.483300
71461 0000 32.743500 -100.483500
71464 0000 32.744100 -100.483600
71467 0000 32.744700 -100.483800
71470 0000 32.745300 -100.484000
71473 0000 32.745900 -100.484100
71476 0000 32.746400 -100.484300
71479 0000 32.747000 -100.484500
71482 0000 32.747600 -100.484600
71485 0000 32.748200 -100.484800
71488 0000 32.748800 -100.485000
71491 0000 32.749400 -100.485100
71494 0000 32.750000 -100.485300
71497 0000 32.750600 -100.485500
71500 0000 32.751100 -100.485600
71503 0000 32.751700 -100.485800
71506 0000 32.752300 -100.486000
71509 0000 32.752900 -100.486200
71512 0000 32.753500 -100.486300
71515 0000 32.754100 -100.486500
71518 0000 32.754700 -100.486700
71521 0000 32.755300 -100.486800
71524 0000 32.755900 -100.487000
71527 0000 32.756400 -100.487200
71530 0000 32.757000 -100.487300
71533 0000 32.757600 -100.487500
71536 0000 32.758200 -100.487700
71539 0000 32.758800 -100.487800
71542 0000 32.759400 -100.488000
71545 0000 32.760000 -100.488200
71548 0000 32.760600 -100.488300
71551 0000 32.761100 -100.488500
71554 0000 32.761700 -100.488700
71557 0000 32.762300 -100.488900
71560 0000 32.762900 -100.489000
71563 0000 32.763500 -100.489200
71566 0000 32.764100 -100.489300
71569 0000 32.764700 -100.489500
71572 0000 32.765300 -100.489700
71575 0000 32.765800 -100.489900
71578 0000 32.766400 -100.490000
71581 0000 32.767000 -100.490200
71584 0000 32.767600 -100.490400
71587 0000 32.768200 -100.490500
71590 0000 32.768800 -100.490700
71593 0000 32.769400 -100.490900
71596 0000 32.770000 -100.491000
71599 0000 32.770500 -100.491200
71602 0000 32.771100 -100.491400
71605 0000 32.771700 -100.491500
71608 0000 32.772300 -100.491700
71611 0000 32.772900 -100.491900
71614 0000 32.773500 -100.492100
71617 0000 32.774100 -100.492200
71620 0000 32.774700 -100.492400
71623 0000 32.775200 -100.492600
71626 0000 32.775800 -100.492700
71629 0000 32.776400 -100.492900
71632 0000 32.777000 -100.493100
71635 0000 32.777600 -100.493200
71638 0000 32.778200 -100.493400
71641 0000 32.778800 -100.493600
71644 0000 32.779400 -100.493700
73356 0000 32.723400 -100.475500
73359 0000 32.724000 -100.475600
73362 0000 32.724500 -100.475800
73365 0000 32.725100 -100.476000
73368 0000 32.725700 -100.476100
73371 0000 32.726300 -100.476300
73374 0000 32.726900 -100.476500
73377 0000 32.727500 -100.476600
73380 0000 32.728100 -100.476800
73383 0000 32.728700 -100.477000
73386 0000 32.729300 -100.477200
73389 0000 32.729800 -100.477300
73392 0000 32.730400 -100.477500
73395 0000 32.731000 -100.477700
73398 0000 32.731600 -100.477800
73401 0000 32.732200 -100.478000
73404 0000 32.732800 -100.478200
73407 0000 32.733400 -100.478300
73410 0000 32.733900 -100.478500
73413 0000 32.734500 -100.478700
73416 0000 32.735100 -100.478800
73419 0000 32.735700 -100.479000
73422 0000 32.736300 -100.479200
73425 0000 32.736900 -100.479300
73428 0000 32.737400 -100.479600
73431 0000 32.738100 -100.479700
73434 0000 32.738600 -100.479900
73437 0000 32.739200 -100.480000
73440 0000 32.739800 -100.480200
73443 0000 32.740400 -100.480400
73446 0000 32.741000 -100.480500
73449 0000 32.741600 -100.480700
73452 0000 32.742200 -100.480900
73455 0000 32.742800 -100.481000
73458 0000 32.743400 -100.481200
73461 0000 32.743900 -100.481400
73464 0000 32.744500 -100.481500
73467 0000 32.745100 -100.481700
73470 0000 32.745700 -100.481900
73473 0000 32.746300 -100.482000
73476 0000 32.746900 -100.482200
73479 0000 32.747500 -100.482400
73482 0000 32.748100 -100.482500
73485 0000 32.748600 -100.482700
73488 0000 32.749200 -100.482900
73491 0000 32.749800 -100.483100
73494 0000 32.750400 -100.483200
73497 0000 32.751000 -100.483400
73500 0000 32.751600 -100.483600
73503 0000 32.752200 -100.483700
73506 0000 32.752800 -100.483900
73509 0000 32.753300 -100.484100
73512 0000 32.753900 -100.484200
73515 0000 32.754500 -100.484400
73518 0000 32.755100 -100.484600
73521 0000 32.755700 -100.484700
73524 0000 32.756300 -100.484900
73527 0000 32.756900 -100.485100
73530 0000 32.757500 -100.485200
73533 0000 32.758000 -100.485400
73536 0000 32.758600 -100.485600
73539 0000 32.759200 -100.485800
73542 0000 32.759800 -100.485900
73545 0000 32.760400 -100.486100
73548 0000 32.761000 -100.486300
73551 0000 32.761600 -100.486400
73554 0000 32.762200 -100.486600
73557 0000 32.762700 -100.486800
73560 0000 32.763300 -100.486900
73563 0000 32.763900 -100.487100
73566 0000 32.764500 -100.487300
73569 0000 32.765100 -100.487400
73572 0000 32.765700 -100.487600
73575 0000 32.766300 -100.487800
73578 0000 32.766900 -100.487900
73581 0000 32.767400 -100.488100
73584 0000 32.768000 -100.488300
73587 0000 32.768600 -100.488400
73590 0000 32.769200 -100.488600
73593 0000 32.769800 -100.488800
73596 0000 32.770400 -100.489000
73599 0000 32.771000 -100.489100
73602 0000 32.771600 -100.489300
73605 0000 32.772100 -100.489500
73608 0000 32.772700 -100.489600
73611 0000 32.773300 -100.489800
73614 0000 32.773900 -100.490000
73617 0000 32.774500 -100.490100
73620 0000 32.775100 -100.490300
73623 0000 32.775700 -100.490500
73626 0000 32.776300 -100.490600
73629 0000 32.776800 -100.490800
73632 0000 32.777400 -100.491000
73635 0000 32.778000 -100.491100
73638 0000 32.778600 -100.491300
73641 0000 32.779200 -100.491500
73644 0000 32.779800 -100.491700
75356 0000 32.723900 -100.473400
75359 0000 32.724400 -100.473600
75365 0000 32.725600 -100.473900
75368 0000 32.726100 -100.474100
75371 0000 32.726700 -100.474200
75374 0000 32.727300 -100.474400
75377 0000 32.727900 -100.474600
75380 0000 32.728500 -100.474700
75383 0000 32.729100 -100.474900
75386 0000 32.729700 -100.475100
75389 0000 32.730300 -100.475200
75392 0000 32.730800 -100.475400
75395 0000 32.731400 -100.475600
75401 0000 32.732600 -100.475900
75404 0000 32.733200 -100.476100
75407 0000 32.733800 -100.476200
75410 0000 32.734400 -100.476400
75413 0000 32.735000 -100.476600
75416 0000 32.735600 -100.476700
75419 0000 32.736100 -100.476900
75422 0000 32.736700 -100.477100
75425 0000 32.737300 -100.477300
75428 0000 32.737900 -100.477400
75431 0000 32.738500 -100.477600
75437 0000 32.739700 -100.477900
75440 0000 32.740300 -100.478100
75443 0000 32.740800 -100.478300
75446 0000 32.741400 -100.478400
75449 0000 32.742000 -100.478600
75452 0000 32.742600 -100.478800
75455 0000 32.743200 -100.478900
75458 0000 32.743800 -100.479100
75461 0000 32.744400 -100.479300
75464 0000 32.745000 -100.479500
75467 0000 32.745500 -100.479600
75473 0000 32.746700 -100.480000
75476 0000 32.747300 -100.480100
75479 0000 32.747900 -100.480300
75482 0000 32.748500 -100.480500
75485 0000 32.749100 -100.480600
75488 0000 32.749700 -100.480800
75491 0000 32.750200 -100.481000
75494 0000 32.750800 -100.481100
75497 0000 32.751400 -100.481300
75500 0000 32.752000 -100.481500
75503 0000 32.752600 -100.481600
75509 0000 32.753800 -100.482000
75512 0000 32.754300 -100.482100
75515 0000 32.754900 -100.482300
75518 0000 32.755500 -100.482500
75521 0000 32.756100 -100.482700
75524 0000 32.756700 -100.482800
75527 0000 32.757300 -100.483000
75530 0000 32.757900 -100.483200
75533 0000 32.758500 -100.483300
75536 0000 32.759100 -100.483500
75539 0000 32.759600 -100.483700
75545 0000 32.760800 -100.484000
75548 0000 32.761400 -100.484200
75551 0000 32.762000 -100.484300
75554 0000 32.762600 -100.484500
75557 0000 32.763200 -100.484700
75560 0000 32.763800 -100.484800
75563 0000 32.764300 -100.485000
75566 0000 32.764900 -100.485200
75569 0000 32.765500 -100.485400
75572 0000 32.766100 -100.485500
75575 0000 32.766700 -100.485700
75581 0000 32.767900 -100.486000
75584 0000 32.768500 -100.486200
75587 0000 32.769000 -100.486400
75590 0000 32.769600 -100.486500
75593 0000 32.770200 -100.486700
75596 0000 32.770800 -100.486900
75599 0000 32.771400 -100.487000
75602 0000 32.772000 -100.487200
75605 0000 32.772600 -100.487400
75608 0000 32.773200 -100.487500
75611 0000 32.773700 -100.487700
75617 0000 32.774900 -100.488000
75620 0000 32.775500 -100.488200
75623 0000 32.776100 -100.488400
75626 0000 32.776700 -100.488600
75629 0000 32.777300 -100.488700
75632 0000 32.777900 -100.488900
75635 0000 32.778500 -100.489100
75638 0000 32.779000 -100.489200
75641 0000 32.779600 -100.489400
75644 0000 32.780200 -100.489600
77356 0000 32.724300 -100.471300
77359 0000 32.724800 -100.471500
77362 0000 32.725400 -100.471600
77365 0000 32.726000 -100.471800
77368 0000 32.726600 -100.472000
77371 0000 32.727200 -100.472100
77374 0000 32.727700 -100.472300
77377 0000 32.728300 -100.472500
77380 0000 32.728900 -100.472600
77383 0000 32.729500 -100.472800
77386 0000 32.730100 -100.473000
77389 0000 32.730700 -100.473200
77392 0000 32.731300 -100.473300
77395 0000 32.731900 -100.473500
77398 0000 32.732400 -100.473700
77401 0000 32.733000 -100.473800
77404 0000 32.733600 -100.474000
77407 0000 32.734200 -100.474200
77410 0000 32.734800 -100.474300
77413 0000 32.735400 -100.474500
77416 0000 32.736000 -100.474700
77419 0000 32.736600 -100.474800
77422 0000 32.737200 -100.475000
77425 0000 32.737700 -100.475200
77428 0000 32.738300 -100.475300
77431 0000 32.738900 -100.475500
77434 0000 32.739500 -100.475700
77437 0000 32.740100 -100.475800
77440 0000 32.740700 -100.476000
77443 0000 32.741300 -100.476200
77446 0000 32.741900 -100.476400
77449 0000 32.742400 -100.476500
77452 0000 32.743000 -100.476700
77455 0000 32.743600 -100.476900
77458 0000 32.744200 -100.477000
77461 0000 32.744800 -100.477200
77464 0000 32.745400 -100.477400
77467 0000 32.746000 -100.477500
77470 0000 32.746600 -100.477700
77473 0000 32.747100 -100.477900
77476 0000 32.747700 -100.478000
77479 0000 32.748300 -100.478200
77482 0000 32.748900 -100.478400
77485 0000 32.749500 -100.478500
77488 0000 32.750100 -100.478700
77491 0000 32.750700 -100.478900
77494 0000 32.751300 -100.479000
77497 0000 32.751800 -100.479200
77500 0000 32.752400 -100.479400
77503 0000 32.753000 -100.479600
77506 0000 32.753600 -100.479700
77509 0000 32.754200 -100.479900
77512 0000 32.754800 -100.480100
77515 0000 32.755400 -100.480200
77518 0000 32.756000 -100.480400
77521 0000 32.756500 -100.480600
77524 0000 32.757100 -100.480700
77527 0000 32.757700 -100.480900
77530 0000 32.758300 -100.481100
77533 0000 32.758900 -100.481200
77536 0000 32.759500 -100.481400
77539 0000 32.760100 -100.481600
77542 0000 32.760700 -100.481700
77545 0000 32.761200 -100.481900
77548 0000 32.761800 -100.482100
77551 0000 32.762400 -100.482300
77554 0000 32.763000 -100.482400
77557 0000 32.763600 -100.482600
77560 0000 32.764200 -100.482800
77563 0000 32.764800 -100.482900
77566 0000 32.765400 -100.483100
77569 0000 32.765900 -100.483300
77572 0000 32.766500 -100.483400
77575 0000 32.767100 -100.483600
77578 0000 32.767700 -100.483800
77581 0000 32.768300 -100.483900
77584 0000 32.768900 -100.484100
77587 0000 32.769500 -100.484300
77590 0000 32.770100 -100.484400
77593 0000 32.770700 -100.484600
77596 0000 32.771200 -100.484800
77599 0000 32.771800 -100.484900
77602 0000 32.772400 -100.485100
77605 0000 32.773000 -100.485300
77608 0000 32.773600 -100.485600
77611 0000 32.774200 -100.485600
77614 0000 32.774800 -100.485800
77617 0000 32.775400 -100.486000
77620 0000 32.775900 -100.486100
77623 0000 32.776500 -100.486300
77626 0000 32.777100 -100.486500
77629 0000 32.777700 -100.486600
77632 0000 32.778300 -100.486800
77635 0000 32.778900 -100.487000
77638 0000 32.779500 -100.487100
77641 0000 32.780100 -100.487300
77644 0000 32.780600 -100.487500
79356 0000 32.724700 -100.469200
79359 0000 32.725200 -100.469400
79362 0000 32.725800 -100.469500
79365 0000 32.726400 -100.469700
79368 0000 32.727000 -100.469900
79371 0000 32.727600 -100.470100
79374 0000 32.728200 -100.470200
79377 0000 32.728800 -100.470400
79380 0000 32.729400 -100.470600
79383 0000 32.729900 -100.470700
79386 0000 32.730500 -100.470900
79389 0000 32.731100 -100.471100
79392 0000 32.731700 -100.471200
79395 0000 32.732300 -100.471400
79398 0000 32.732900 -100.471600
79401 0000 32.733500 -100.471700
79404 0000 32.734100 -100.471900
79407 0000 32.734600 -100.472100
79410 0000 32.735200 -100.472200
79413 0000 32.735800 -100.472400
79416 0000 32.736400 -100.472600
79419 0000 32.737000 -100.472700
79422 0000 32.737600 -100.472900
79425 0000 32.738200 -100.473100
79428 0000 32.738800 -100.473300
79431 0000 32.739300 -100.473400
79434 0000 32.739900 -100.473600
79437 0000 32.740500 -100.473800
79440 0000 32.741200 -100.474000
79443 0000 32.741700 -100.474100
79446 0000 32.742300 -100.474300
79449 0000 32.742900 -100.474400
79452 0000 32.743500 -100.474600
79455 0000 32.744000 -100.474800
79458 0000 32.744600 -100.474900
79461 0000 32.745200 -100.475100
79464 0000 32.745800 -100.475300
79467 0000 32.746400 -100.475400
79470 0000 32.747000 -100.475600
79473 0000 32.747600 -100.475800
79476 0000 32.748200 -100.476000
79479 0000 32.748700 -100.476100
79482 0000 32.749300 -100.476300
79485 0000 32.749900 -100.476500
79488 0000 32.750500 -100.476600
79491 0000 32.751100 -100.476800
79494 0000 32.751700 -100.477000
79497 0000 32.752300 -100.477100
79500 0000 32.752900 -100.477300
79503 0000 32.753400 -100.477500
79506 0000 32.754000 -100.477600
79509 0000 32.754600 -100.477800
79512 0000 32.755200 -100.478000
79515 0000 32.755800 -100.478100
79518 0000 32.756400 -100.478300
79521 0000 32.757000 -100.478500
79524 0000 32.757600 -100.478600
79527 0000 32.758100 -100.478800
79530 0000 32.758700 -100.479000
79533 0000 32.759300 -100.479200
79536 0000 32.759900 -100.479400
79539 0000 32.760500 -100.479500
79542 0000 32.761100 -100.479700
79545 0000 32.761700 -100.479800
79548 0000 32.762300 -100.480000
79551 0000 32.762800 -100.480200
79554 0000 32.763400 -100.480300
79557 0000 32.764000 -100.480500
79560 0000 32.764600 -100.480700
79563 0000 32.765200 -100.480900
79566 0000 32.765800 -100.481000
79569 0000 32.766400 -100.481200
79572 0000 32.767000 -100.481400
79575 0000 32.767500 -100.481600
79578 0000 32.768100 -100.481700
79581 0000 32.768700 -100.481900
79584 0000 32.769300 -100.482100
79587 0000 32.769900 -100.482100
79590 0000 32.770500 -100.482300
79593 0000 32.771100 -100.482500
79596 0000 32.771700 -100.482600
79599 0000 32.772300 -100.482800
79602 0000 32.772900 -100.483000
79605 0000 32.773400 -100.483200
79608 0000 32.774000 -100.483300
79611 0000 32.774600 -100.483500
79614 0000 32.775200 -100.483700
79617 0000 32.775800 -100.483800
79620 0000 32.776400 -100.484000
79623 0000 32.777000 -100.484200
79626 0000 32.777500 -100.484400
79629 0000 32.778100 -100.484500
79632 0000 32.778700 -100.484700
79635 0000 32.779300 -100.484900
79638 0000 32.779900 -100.485000
79641 0000 32.780500 -100.485200
79644 0000 32.781100 -100.485400
